0	1	73	
269513.22	212129.99	100.00	
256613.70	134900.41	100.00	
279815.48	214027.23	100.00	
265207.54	216351.12	100.00	
256279.15	155308.29	100.00	
288856.41	228013.80	100.00	
251928.55	206879.95	100.00	
208629.34	177045.16	100.00	
263750.06	234841.29	100.00	
292252.98	212712.67	100.00	
356943.49	53242.37	100.00	
302439.80	178648.65	100.00	
270122.91	220479.22	100.00	
263273.15	122149.36	100.00	
254951.32	229529.96	100.00	
276028.72	218526.43	100.00	
399853.52	254686.18	100.00	
538627.97	221088.90	100.00	
573259.77	223693.54	100.00	
210813.09	143958.91	100.00	
343268.37	261271.08	100.00	
197001.03	300186.91	100.00	
260124.36	295411.56	100.00	
393078.48	215005.40	100.00	
425627.34	201090.04	100.00	
386491.23	98938.72	100.00	
580343.01	376234.41	100.00	
264550.85	385925.47	100.00	
441564.85	176029.02	100.00	
305037.94	204574.23	100.00	
439594.23	156331.40	100.00	
462663.03	249320.96	100.00	
400083.03	132543.95	100.00	
499484.26	449468.95	100.00	
108884.04	289271.32	100.00	
294471.55	381122.56	100.00	
571813.62	464550.84	100.00	
410843.15	355246.72	100.00	
344060.86	343990.53	100.00	
168920.36	176205.39	100.00	
212864.09	360727.61	100.00	
551947.41	287441.74	100.00	
482990.86	120376.45	100.00	
484029.87	318274.10	100.00	
716721.84	434242.70	100.00	
512439.07	378389.73	100.00	
591052.52	143540.36	100.00	
314471.06	189106.07	100.00	
420038.40	189868.33	100.00	
222302.27	443386.06	100.00	
494730.47	183687.92	100.00	
425227.53	177895.57	100.00	
155208.45	434832.08	100.00	
679195.98	146300.16	100.00	
273216.86	188660.04	100.00	
410102.84	128573.29	100.00	
393035.38	308100.55	100.00	
552587.70	110811.80	100.00	
365800.77	55200.66	100.00	
515564.62	77264.97	100.00	
343896.65	156944.10	100.00	
418247.56	436803.46	100.00	
486299.97	376404.49	100.00	
633789.36	169665.72	100.00	
454949.49	19726.29	100.00	
344336.20	237504.71	100.00	
168817.71	219907.65	100.00	
634532.61	419685.18	100.00	
360387.83	419224.55	100.00	
421466.77	158980.49	100.00	
607020.03	267256.26	100.00	
661608.94	291276.44	100.00	
263404.83	234995.88	100.00	