162
BHPP	,	-98.226919	,	19.109501	,	2171	,	0.00023389	,	1
ACP2	,	-99.886505	,	16.874294	,	151	,	0.00023389	,	1
ACAC	,	-99.851570	,	16.848510	,	13	,	0.00023389	,	1
ACAD	,	-99.871470	,	16.862250	,	23	,	0.00023389	,	1
ACAM	,	-100.716777	,	20.043186	,	1858	,	0.00023389	,	1
ACAR	,	-99.835027	,	16.888789	,	40	,	0.00023389	,	1
ACAZ	,	-99.790152	,	16.788528	,	10	,	0.00023389	,	1
AGCA	,	-99.645260	,	16.837330	,	31	,	0.00023389	,	1
ATYC	,	-100.432269	,	17.213361	,	51	,	0.00023389	,	1
AZIH	,	-101.465260	,	17.606540	,	11	,	0.00023389	,	1
CALE	,	-102.754441	,	18.072870	,	10	,	0.00023389	,	1
CANA	,	-101.977162	,	18.567007	,	340	,	0.00023389	,	1
CAYR	,	-100.267261	,	17.048621	,	19	,	0.00023389	,	1
CCT1	,	-99.137030	,	19.449766	,	2231	,	0.00023389	,	1
CDAO	,	-99.096997	,	19.373913	,	2240	,	0.00023389	,	1
CDGU	,	-103.447815	,	19.699521	,	1583	,	0.00023389	,	1
COJU	,	-103.949413	,	18.951224	,	71	,	0.00023389	,	1
COLL	,	-104.680633	,	19.190906	,	38	,	0.00023389	,	1
COMA	,	-103.760813	,	19.325266	,	606	,	0.00023389	,	1
COMD	,	-100.523804	,	18.122359	,	306	,	0.00023389	,	1
COPL	,	-98.983990	,	16.610810	,	32	,	0.00023389	,	1
COYC	,	-100.089963	,	16.997788	,	26	,	0.00023389	,	1
COYQ	,	-101.056526	,	17.380235	,	44	,	0.00023389	,	1
CSER	,	-97.377394	,	18.989074	,	2956	,	0.00023389	,	1
CTCL	,	-99.133503	,	19.434521	,	2240	,	0.00023389	,	1
CSE2	,	-97.3774	,	18.989074	,	2956	,	0.00023389	,	1
CUP1	,	-99.181080	,	19.330240	,	2240	,	0.00023389	,	1
CUP4	,	-99.181080	,	19.330240	,	2240	,	0.00023389	,	1
CUP5	,	-99.181080	,	19.330240	,	2240	,	0.00023389	,	1
CUP6	,	-99.181076	,	19.330240	,	2240	,	0.00023389	,	1
CHFL	,	-97.865638	,	17.969493	,	1716	,	0.00023389	,	1
FEPP	,	-98.197611	,	19.001705	,	2132	,	0.00023389	,	1
GALE	,	-96.490739	,	15.976950	,	1260	,	0.00023389	,	1
GDLC	,	-103.377486	,	20.682656	,	1577	,	0.00023389	,	1
GDLP	,	-103.442200	,	20.682533	,	1665	,	0.00023389	,	1
HMTT	,	-98.559717	,	17.798341	,	898	,	0.00023389	,	1
HUAM	,	-95.670297	,	16.031121	,	91	,	0.00023389	,	1
JAMI	,	-97.820692	,	16.284353	,	481	,	0.00023389	,	1
LANE	,	-97.187204	,	15.947684	,	16	,	0.00023389	,	1
LMPP	,	-98.182270	,	19.001470	,	2140	,	0.00023389	,	1
MANZ	,	-104.297848	,	19.054336	,	59	,	0.00023389	,	1
MARU	,	-103.348790	,	18.276070	,	17	,	0.00023389	,	1
MIHL	,	-94.543870	,	17.988778	,	21	,	0.00023389	,	1
NILT	,	-94.616947	,	16.565153	,	65	,	0.00023389	,	1
NITA	,	-102.085089	,	19.020738	,	487	,	0.00023389	,	1
NUX2	,	-100.791170	,	17.216711	,	10	,	0.00023389	,	1
OAXM	,	-96.718744	,	17.082872	,	1594	,	0.00023389	,	1
OCLL	,	-99.878515	,	17.036585	,	710	,	0.00023389	,	1
OCTT	,	-99.505870	,	17.252670	,	718	,	0.00023389	,	1
OXAE	,	-96.721608	,	17.001551	,	1524	,	0.00023389	,	1
OXAL	,	-96.726042	,	17.061480	,	1554	,	0.00023389	,	1
OXBJ	,	-96.723804	,	17.067337	,	1567	,	0.00023389	,	1
OXCU	,	-96.713269	,	17.048881	,	1539	,	0.00023389	,	1
OXJM	,	-95.444705	,	16.445191	,	158	,	0.00023389	,	1
OXLC	,	-96.703157	,	17.065039	,	1542	,	0.00023389	,	1
OXPC	,	-96.722974	,	17.051219	,	1542	,	0.00023389	,	1
OXPM	,	-96.716899	,	17.061391	,	1550	,	0.00023389	,	1
OXTO	,	-96.744158	,	17.078389	,	1553	,	0.00023389	,	1
OXXO	,	-96.726179	,	17.026234	,	1532	,	0.00023389	,	1
OZST	,	-97.094119	,	18.860758	,	1244	,	0.00023389	,	1
PANG	,	-96.490506	,	15.666837	,	20	,	0.00023389	,	1
PBPP	,	-98.208468	,	19.045439	,	2149	,	0.00023389	,	1
PBP2	,	-98.20847	,	19.04544	,	2149	,	0.00023389	,	1
PCJR	,	-99.159111	,	19.422809	,	2240	,	0.00023389	,	1
PENR	,	-99.041350	,	19.332671	,	2240	,	0.00023389	,	1
PET2	,	-101.262608	,	17.535396	,	45	,	0.00023389	,	1
PHPU	,	-98.168466	,	19.044223	,	2172	,	0.00023389	,	1
PICP	,	-99.049000	,	19.485700	,	2240	,	0.00023389	,	1
PIJI	,	-93.207362	,	15.690144	,	56	,	0.00023389	,	1
PNTP	,	-98.053706	,	16.340486	,	213	,	0.00023389	,	1
POZU	,	-99.597540	,	17.090080	,	357	,	0.00023389	,	1
PUVA	,	-105.219166	,	20.626163	,	31	,	0.00023389	,	1
PZPU	,	-98.227092	,	19.055379	,	2206	,	0.00023389	,	1
RABO	,	-98.445409	,	18.569078	,	1279	,	0.00023389	,	1
RFPP	,	-98.191493	,	19.043493	,	2139	,	0.00023389	,	1
RIOG	,	-97.438630	,	16.014350	,	27	,	0.00023389	,	1
SAPP	,	-98.215377	,	19.057785	,	2173	,	0.00023389	,	1
SCCB	,	-92.625515	,	16.708580	,	2137	,	0.00023389	,	1
SCRU	,	-95.209239	,	16.187519	,	87	,	0.00023389	,	1
SCT1	,	-99.39469	,	19.39469	,	2240	,	0.00023389	,	1
SCT2	,	-99.148678	,	19.394694	,	2240	,	0.00023389	,	1
SIS1	,	-99.804615	,	16.782019	,	7	,	0.00023389	,	1
SJAL	,	-103.670344	,	18.585371	,	25	,	0.00023389	,	1
SJLL	,	-98.498463	,	16.657822	,	46	,	0.00023389	,	1
SLPA	,	-99.833027	,	19.928698	,	2591	,	0.00023389	,	1
SLU2	,	-100.935496	,	17.280802	,	29	,	0.00023389	,	1
SMLC	,	-96.729233	,	16.654971	,	1519	,	0.00023389	,	1
SMR2	,	-99.4377	,	16.77351	,	83	,	0.00023389	,	1
SNJE	,	-101.323693	,	18.535047	,	182	,	0.00023389	,	1
SODO	,	-96.414773	,	19.044324	,	101	,	0.00023389	,	1
SRPU	,	-98.259988	,	18.965484	,	2114	,	0.00023389	,	1
SUCH	,	-100.638345	,	17.226169	,	35	,	0.00023389	,	1
SXPU	,	-98.215087	,	19.039943	,	2181	,	0.00023389	,	1
TACY	,	-99.195246	,	19.404505	,	2240	,	0.00023389	,	1
TAJN	,	-92.270957	,	14.922677	,	185	,	0.00023389	,	1
TAMA	,	-96.575290	,	16.261160	,	1756	,	0.00023389	,	1
TEAC	,	-99.454086	,	18.617630	,	978	,	0.00023389	,	1
TEJU	,	-100.159615	,	18.904051	,	1340	,	0.00023389	,	1
TEPI	,	-104.909994	,	21.523494	,	1001	,	0.00023389	,	1
TGBT	,	-93.089492	,	16.776805	,	585	,	0.00023389	,	1
THEZ	,	-97.383184	,	18.477554	,	1631	,	0.00023389	,	1
TNLP	,	-99.560805	,	18.095563	,	734	,	0.00023389	,	1
TOMA	,	-105.240699	,	19.934402	,	54	,	0.00023389	,	1
TOTO	,	-98.256828	,	19.330241	,	2290	,	0.00023389	,	1
TTC1	,	-99.146900	,	19.393400	,	2240	,	0.00023389	,	1
TXCR	,	-98.806198	,	19.501514	,	2570	,	0.00023389	,	1
TXS1	,	-98.9744,		19.4939		,	2240	,	0.00023389	,	1
TXS2	,	-98.9776	,	19.49200	,	2240	,	0.00023389	,	1
TXS4	,	-98.9748	,	19.49020	,	2240	,	0.00023389	,	1
CAN1	,	-98.9748	,	19.49020	,	2240	,	0.00023389	,	1
CAN2	,	-98.9748	,	19.49020	,	2240	,	0.00023389	,	1
CAN3	,	-98.9748	,	19.49020	,	2240	,	0.00023389	,	1
UNIO	,	-101.810623	,	17.987620	,	56	,	0.00023389	,	1
URUA	,	-102.074059	,	19.421758	,	1664	,	0.00023389	,	1
VHSA	,	-92.938748	,	17.982551	,	23	,	0.00023389	,	1
VIGA	,	-99.233268	,	16.758703	,	35	,	0.00023389	,	1
VILE	,	-102.188937	,	18.045264	,	81	,	0.00023389	,	1
VNTA	,	-99.818850	,	16.914260	,	50	,	0.00023389	,	1
XALA	,	-96.901973	,	19.529875	,	1374	,	0.00023389	,	1
ANIG	,	-104.520692	,	21.053835	,	1015	,	0.00023389	,	1
ARIG	,	-100.347460	,	18.280543	,	394	,	0.00023389	,	1
BAHB	,	-113.562422	,	28.943831	,	26	,	0.00023389	,	1
CAIG	,	-100.267275	,	17.048500	,	40	,	0.00023389	,	1
CCIG	,	-92.136919	,	16.281855	,	1625	,	0.00023389	,	1
CGIG	,	-107.977381	,	30.365256	,	1524	,	0.00023389	,	1
CJIG	,	-105.034700	,	19.499525	,	88	,	0.00023389	,	1
CUIG	,	-99.178100	,	19.329677	,	2284	,	0.00023389	,	1
PZIG	,	-99.178100	,	19.329677	,	2284	,	0.00023389	,	1
DHIG	,	-99.035492	,	20.300361	,	1994	,	0.00023389	,	1
FTIG	,	-98.132600	,	17.907937	,	1103	,	0.00023389	,	1
HLIG	,	-97.803575	,	17.829966	,	1784	,	0.00023389	,	1
HPIG	,	-105.664022	,	26.936807	,	1786	,	0.00023389	,	1
HSIG	,	-110.949303	,	29.019753	,	250	,	0.00023389	,	1
HUIG	,	-96.108323	,	15.769198	,	130	,	0.00023389	,	1
IGIG	,	-101.327817	,	20.753090	,	1806	,	0.00023389	,	1
JRQG	,	-100.447092	,	20.703728	,	1985	,	0.00023389	,	1
LNIG	,	-99.465605	,	24.898108	,	329	,	0.00023389	,	1
LVIG	,	-96.418540	,	19.726278	,	57	,	0.00023389	,	1
MAIG	,	-106.425569	,	23.183913	,	7	,	0.00023389	,	1
MBIG	,	-115.198139	,	32.407183	,	2	,	0.00023389	,	1
MEIG	,	-99.619725	,	17.924894	,	554	,	0.00023389	,	1
MMIG	,	-103.345540	,	18.288540	,	61	,	0.00023389	,	1
MOIG	,	-101.227300	,	19.646708	,	2000	,	0.00023389	,	1
MYIG	,	-89.639582	,	20.948070	,	13	,	0.00023389	,	1
OXIG	,	-96.732948	,	17.072744	,	1737	,	0.00023389	,	1
PCIG	,	-93.218853	,	15.704652	,	105	,	0.00023389	,	1
PEIG	,	-97.147588	,	15.997687	,	356	,	0.00023389	,	1
PLIG	,	-99.502345	,	18.392048	,	975	,	0.00023389	,	1
PNIG	,	-98.127340	,	16.392843	,	273	,	0.00023389	,	1
PPIG	,	-98.628147	,	19.067050	,	61	,	0.00023389	,	1
SCIG	,	-91.186542	,	18.966988	,	18	,	0.00023389	,	1
SPIG	,	-115.465728	,	31.045744	,	2803	,	0.00023389	,	1
SRIG	,	-112.241013	,	27.319805	,	61	,	0.00023389	,	1
TGIG	,	-93.122308	,	16.778216	,	634	,	0.00023389	,	1
TLIG	,	-98.566470	,	17.562675	,	1136	,	0.00023389	,	1
THIG	,	-92.295808	,	14.882278	,	136	,	0.00023389	,	1
TJIG	,	-116.674678	,	32.433847	,	336	,	0.00023389	,	1
TOIG	,	-97.064643	,	18.095638	,	1028	,	0.00023389	,	1
TPIG	,	-97.361969	,	18.420230	,	1482	,	0.00023389	,	1
TSIG	,	-109.046530	,	25.604853	,	12	,	0.00023389	,	1
TUIG	,	-94.422503	,	18.033694	,	7	,	0.00023389	,	1
TXIG	,	-97.767683	,	17.253228	,	2306	,	0.00023389	,	1
YAIG	,	-99.067031	,	18.862469	,	1311	,	0.00023389	,	1
YOIG	,	-97.545647	,	16.856573	,	2290	,	0.00023389	,	1
ZAIG	,	-102.567000	,	22.769200	,	2408	,	0.00023389	,	1
ZIIG	,	-101.464922	,	17.606950	,	92	,	0.00023389	,	1
CMIG	,	-94.883800	,	17.090988	,	72	,	0.00023389	,	1
LPIG	,	-110.309311	,	24.101000	,	72	,	0.00023389	,	1
TEIG	,	-88.276217	,	20.226278	,	2803	,	0.00023389	,	1
