0	1	132	
399853.52	254686.18	100.00	
470129.47	214837.19	100.00	
538627.97	221088.90	100.00	
573259.77	223693.54	100.00	
210813.09	143958.91	100.00	
343268.37	261271.08	100.00	
322699.89	229080.67	100.00	
566379.32	171185.70	100.00	
424744.28	152062.38	100.00	
292318.64	277263.43	100.00	
139965.43	365689.17	100.00	
194759.13	259077.94	100.00	
235725.89	208755.52	100.00	
489040.34	198245.95	100.00	
622788.34	177766.74	100.00	
483698.50	270952.65	100.00	
465419.08	340826.69	100.00	
569334.47	401643.88	100.00	
386491.23	98938.72	100.00	
379035.63	231740.82	100.00	
448018.64	210669.63	100.00	
502412.75	351608.38	100.00	
358631.03	223197.14	100.00	
580343.01	376234.41	100.00	
264550.85	385925.47	100.00	
295665.38	254705.93	100.00	
305037.94	204574.23	100.00	
253045.49	154103.30	100.00	
133824.69	230255.93	100.00	
351142.26	383999.46	100.00	
462663.03	249320.96	100.00	
238403.55	150940.76	100.00	
332072.27	246214.92	100.00	
592190.36	119674.05	100.00	
400083.03	132543.95	100.00	
499484.26	449468.95	100.00	
616582.60	74818.54	100.00	
108884.04	289271.32	100.00	
294471.55	381122.56	100.00	
284560.89	149566.01	100.00	
571813.62	464550.84	100.00	
410843.15	355246.72	100.00	
344060.86	343990.53	100.00	
308695.17	209928.64	100.00	
260692.67	264803.44	100.00	
168920.36	176205.39	100.00	
363931.97	233872.51	100.00	
212864.09	360727.61	100.00	
551947.41	287441.74	100.00	
528926.34	353311.70	100.00	
329429.18	288561.72	100.00	
413913.45	143547.89	100.00	
426591.21	151928.82	100.00	
613463.88	103432.29	100.00	
287629.80	438697.15	100.00	
494759.12	238107.18	100.00	
456126.15	171284.60	100.00	
482990.86	120376.45	100.00	
518599.75	191674.52	100.00	
373246.82	151159.61	100.00	
445778.17	271435.01	100.00	
484029.87	318274.10	100.00	
360378.21	274922.90	100.00	
381829.41	243140.95	100.00	
279631.55	311601.61	100.00	
272519.02	257622.28	100.00	
716721.84	434242.70	100.00	
483819.35	144611.38	100.00	
538487.72	175872.07	100.00	
512439.07	378389.73	100.00	
591052.52	143540.36	100.00	
308010.79	259029.71	100.00	
313585.95	220342.93	100.00	
338797.55	445578.32	100.00	
355833.06	326468.54	100.00	
222302.27	443386.06	100.00	
592074.94	91989.51	100.00	
223831.22	122037.43	100.00	
494730.47	183687.92	100.00	
472500.05	177339.42	100.00	
155208.45	434832.08	100.00	
428083.99	145223.96	100.00	
334098.21	210488.21	100.00	
679195.98	146300.16	100.00	
273216.86	188660.04	100.00	
260685.55	242847.60	100.00	
285569.96	247027.10	100.00	
320712.66	342870.96	100.00	
453841.54	169824.16	100.00	
393035.38	308100.55	100.00	
350680.51	212548.94	100.00	
355556.11	211319.65	100.00	
173940.74	250640.71	100.00	
437001.43	243081.61	100.00	
552587.70	110811.80	100.00	
435932.38	68947.69	100.00	
362990.30	239859.47	100.00	
365800.77	55200.66	100.00	
515564.62	77264.97	100.00	
343896.65	156944.10	100.00	
251350.78	124081.88	100.00	
233978.85	132005.35	100.00	
511348.87	144234.68	100.00	
418247.56	436803.46	100.00	
486299.97	376404.49	100.00	
303520.49	232822.35	100.00	
432968.72	149706.38	100.00	
633789.36	169665.72	100.00	
681800.83	139828.31	100.00	
641945.86	119750.84	100.00	
454949.49	19726.29	100.00	
318898.58	249066.65	100.00	
323414.41	147899.20	100.00	
449766.50	141018.23	100.00	
610448.43	316295.54	100.00	
505363.02	129904.05	100.00	
344336.20	237504.71	100.00	
577442.85	102973.91	100.00	
521751.02	258988.59	100.00	
581342.95	188450.35	100.00	
634532.61	419685.18	100.00	
244786.65	246083.17	100.00	
478883.33	235273.89	100.00	
360387.83	419224.55	100.00	
421466.77	158980.49	100.00	
607020.03	267256.26	100.00	
661608.94	291276.44	100.00	
519810.21	296208.13	100.00	
526245.25	142553.87	100.00	
545786.92	297303.56	100.00	
458018.87	150363.59	100.00	
284233.93	265385.67	100.00	