longitude latitude Probability(%)	
95.309330 5.154980 58.366536
95.309330 5.354980 56.505488
95.309330 5.554980 55.600404
95.509330 4.754980 54.057310
95.509330 4.954980 52.125601
95.509330 5.154980 53.119800
95.509330 5.354980 52.099125
95.509330 5.554980 47.233720
95.709330 2.754980 99.784764
95.709330 4.554980 54.712520
95.709330 4.754980 49.568463
95.709330 4.954980 48.066150
95.709330 5.154980 49.883605
95.709330 5.354980 45.555555
95.709330 5.554980 40.893971
95.909330 2.754980 99.793041
95.909330 4.354980 60.371659
95.909330 4.554980 52.806030
95.909330 4.754980 48.588026
95.909330 4.954980 47.779167
95.909330 5.154980 46.432840
95.909330 5.354980 41.970189
96.109330 2.554980 99.808022
96.109330 4.154980 65.645392
96.109330 4.354980 56.010855
96.109330 4.554980 51.312634
96.109330 4.754980 49.837155
96.109330 4.954980 46.844892
96.109330 5.154980 40.801931
96.309330 2.554980 99.815521
96.309330 4.154980 62.298676
96.309330 4.354980 54.967445
96.309330 4.554980 52.248829
96.309330 4.754980 47.560253
96.309330 4.954980 41.802372
96.309330 5.154980 37.614460
96.509330 3.754980 72.678067
96.509330 3.954980 65.883413
96.509330 4.154980 60.217342
96.509330 4.354980 54.201756
96.509330 4.554980 50.197954
96.509330 4.754980 43.000487
96.509330 4.954980 38.311123
96.509330 5.154980 35.232991
96.709330 3.754980 70.053228
96.709330 3.954980 61.579693
96.709330 4.154980 54.003793
96.709330 4.354980 52.047852
96.709330 4.554980 45.501958
96.709330 4.754980 42.422129
96.709330 4.954980 37.646155
96.709330 5.154980 34.121712
96.909330 3.754980 66.491205
96.909330 3.954980 56.176165
96.909330 4.154980 53.475440
96.909330 4.354980 48.051449
96.909330 4.554980 46.166280
96.909330 4.754980 43.346483
96.909330 4.954980 37.059265
96.909330 5.154980 33.530312
97.109330 3.554980 65.327729
97.109330 3.754980 58.440062
97.109330 3.954980 55.146819
97.109330 4.154980 51.880830
97.109330 4.354980 46.332333
97.109330 4.554980 46.082298
97.109330 4.754980 40.135996
97.109330 4.954980 35.441355
97.109330 5.154980 32.772494
97.309330 1.354980 99.880401
97.309330 2.154980 99.860658
97.309330 3.154980 72.274821
97.309330 3.354980 63.629244
97.309330 3.554980 57.197694
97.309330 3.754980 54.217553
97.309330 3.954980 53.536014
97.309330 4.154980 49.516655
97.309330 4.354980 42.743664
97.309330 4.554980 40.735250
97.309330 4.754980 36.899078
97.309330 4.954980 33.689127
97.309330 5.154980 31.984608
97.509330 0.954980 99.894090
97.509330 1.154980 99.889857
97.509330 1.354980 99.885514
97.509330 2.954980 72.677252
97.509330 3.154980 64.079750
97.509330 3.354980 57.752396
97.509330 3.554980 54.170725
97.509330 3.754980 53.274440
97.509330 3.954980 50.800562
97.509330 4.154980 47.593685
97.509330 4.354980 46.451349
97.509330 4.554980 44.173864
97.509330 4.754980 37.107877
97.509330 4.954980 33.425195
97.509330 5.154980 29.995107
97.709330 0.754980 99.902650
97.709330 0.954980 99.898734
97.709330 1.154980 99.894655
97.709330 2.354980 92.166564
97.709330 2.554980 82.892885
97.709330 2.754980 73.125459
97.709330 2.954980 64.670614
97.709330 3.154980 58.514072
97.709330 3.354980 55.139344
97.709330 3.554980 54.123370
97.709330 3.754980 50.109767
97.709330 3.954980 46.862358
97.709330 4.154980 44.661309
97.709330 4.354980 41.420645
97.709330 4.554980 38.896332
97.709330 4.754980 35.419019
97.709330 4.954980 31.238947
97.909330 0.954980 99.903240
97.909330 2.354980 83.959811
97.909330 2.554980 73.845081
97.909330 2.754980 65.334107
97.909330 2.954980 59.653641
97.909330 3.154980 56.685711
97.909330 3.354980 54.918234
97.909330 3.554980 49.781614
97.909330 3.754980 44.038509
97.909330 3.954980 40.786163
97.909330 4.154980 38.913124
97.909330 4.354980 36.605813
97.909330 4.554980 34.990988
97.909330 4.754980 31.858598
98.109330 2.354980 75.141338
98.109330 2.554980 66.018347
98.109330 2.754980 60.781064
98.109330 2.954980 58.493596
98.109330 3.154980 55.030628
98.109330 3.354980 48.881493
98.109330 3.554980 43.739693
98.109330 3.754980 40.114326
98.109330 3.954980 37.642195
98.109330 4.154980 35.789335
98.109330 4.354980 34.325164
98.309330 2.154980 71.050816
98.309330 2.354980 65.061787
98.309330 2.554980 60.521823
98.309330 2.754980 59.387251
98.309330 2.954980 54.437440
98.309330 3.154980 47.918796
98.309330 3.354980 43.287699
98.309330 3.554980 40.095699
98.309330 3.754980 37.758175
98.309330 3.954980 35.541729
98.509330 -0.245020 99.934032
98.509330 1.954980 70.103690
98.509330 2.154980 64.052796
98.509330 2.354980 57.946511
98.509330 2.554980 58.640109
98.509330 2.754980 53.998367
98.509330 2.954980 52.480683
98.509330 3.154980 44.584653
98.509330 3.354980 40.218151
98.509330 3.554980 37.906185
98.509330 3.754980 35.780511
98.709330 -1.245020 99.948952
98.709330 -1.045020 99.946805
98.709330 0.154980 99.931700
98.709330 1.754980 65.293246
98.709330 1.954980 64.509452
98.709330 2.154980 58.396688
98.709330 2.354980 57.099280
98.709330 2.554980 52.383468
98.709330 2.754980 51.806203
98.709330 2.954980 49.413678
98.709330 3.154980 42.562264
98.709330 3.354980 38.826024
98.709330 3.554980 36.209042
98.709330 3.754980 34.539332
98.909330 -1.645020 99.955385
98.909330 -1.445020 99.953500
98.909330 -1.245020 99.951522
98.909330 -1.045020 99.949447
98.909330 1.154980 69.781294
98.909330 1.354980 68.966309
98.909330 1.554980 63.325059
98.909330 1.754980 58.091386
98.909330 1.954980 58.204332
98.909330 2.154980 57.149234
98.909330 2.354980 50.889398
98.909330 2.554980 49.747792
98.909330 2.754980 50.721563
98.909330 2.954980 44.543634
98.909330 3.154980 40.032992
98.909330 3.354980 37.036699
98.909330 3.554980 35.118755
99.109330 -1.645020 99.957694
99.109330 -1.445020 99.955877
99.109330 0.754980 76.778785
99.109330 0.954980 70.564436
99.109330 1.154980 66.797893
99.109330 1.354980 61.962148
99.109330 1.554980 58.220601
99.109330 1.754980 57.838380
99.109330 1.954980 54.917213
99.109330 2.154980 49.770528
99.109330 2.354980 48.989660
99.109330 2.554980 50.842487
99.109330 2.754980 45.132886
99.109330 2.954980 40.351289
99.109330 3.154980 37.495070
99.109330 3.354980 35.633183
99.109330 3.554980 34.341953
99.309330 0.354980 79.209707
99.309330 0.554980 75.314820
99.309330 0.754980 69.881931
99.309330 0.954980 66.355536
99.309330 1.154980 61.499300
99.309330 1.354980 59.122176
99.309330 1.554980 56.852053
99.309330 1.754980 51.713926
99.309330 1.954980 46.829481
99.309330 2.154980 44.889450
99.309330 2.354980 49.036814
99.309330 2.554980 46.232990
99.309330 2.754980 40.443879
99.309330 2.954980 37.510458
99.309330 3.154980 35.830171
99.309330 3.354980 34.664863
99.509330 0.154980 75.021237
99.509330 0.354980 69.382412
99.509330 0.554980 68.615367
99.509330 0.754980 67.190821
99.509330 0.954980 63.008537
99.509330 1.154980 59.253404
99.509330 1.354980 55.232324
99.509330 1.554980 48.947760
99.509330 1.754980 45.108399
99.509330 1.954980 42.334212
99.509330 2.154980 41.702951
99.509330 2.354980 42.193775
99.509330 2.554980 40.552124
99.509330 2.754980 37.771855
99.509330 2.954980 35.884209
99.509330 3.154980 34.835006
99.709330 -2.245020 99.954897
99.709330 0.154980 65.831212
99.709330 0.354980 64.284685
99.709330 0.554980 64.822942
99.709330 0.754980 59.063570
99.709330 0.954980 59.641849
99.709330 1.154980 55.316796
99.709330 1.354980 48.148070
99.709330 1.554980 43.896896
99.709330 1.754980 41.418271
99.709330 1.954980 39.657216
99.709330 2.154980 38.715677
99.709330 2.354980 38.280000
99.709330 2.554980 37.371452
99.709330 2.754980 36.136946
99.709330 2.954980 35.048184
99.709330 3.154980 34.280893
99.909330 -0.245020 65.937914
99.909330 -0.045020 62.147164
99.909330 0.154980 60.550651
99.909330 0.354980 62.875104
99.909330 0.554980 58.329793
99.909330 0.754980 58.799232
99.909330 0.954980 54.024876
99.909330 1.154980 48.062476
99.909330 1.354980 44.064091
99.909330 1.554980 41.264228
99.909330 1.754980 39.015236
99.909330 1.954980 37.666351
99.909330 2.154980 36.911520
99.909330 2.354980 36.439816
99.909330 2.554980 35.860595
99.909330 2.754980 35.190677
99.909330 2.954980 34.552033
100.109330 -2.645020 99.945734
100.109330 -0.445020 64.046592
100.109330 -0.245020 61.599901
100.109330 -0.045020 60.249443
100.109330 0.154980 60.784280
100.109330 0.354980 59.742555
100.109330 0.554980 57.541052
100.109330 0.754980 52.840861
100.109330 0.954980 47.273612
100.109330 1.154980 43.727538
100.109330 1.354980 41.470106
100.109330 1.554980 39.308406
100.109330 1.754980 37.639765
100.109330 1.954980 36.511212
100.109330 2.154980 35.966137
100.109330 2.354980 35.537960
100.109330 2.554980 35.138360
100.309330 -3.045020 99.937406
100.309330 -0.645020 64.503460
100.309330 -0.445020 63.170063
100.309330 -0.245020 61.859474
100.309330 -0.045020 59.936562
100.309330 0.154980 55.166081
100.309330 0.354980 50.878155
100.309330 0.554980 48.589271
100.309330 0.754980 45.733272
100.309330 0.954980 43.270826
100.309330 1.154980 41.130165
100.309330 1.354980 39.306326
100.309330 1.554980 37.919970
100.309330 1.754980 36.827108
100.309330 1.954980 35.999414
100.309330 2.154980 35.482211
100.309330 2.354980 35.133669
100.309330 2.554980 34.823612
100.309330 5.354980 4.475705
100.309330 6.154980 0.893904
100.309330 6.354980 0.550303
100.309330 6.554980 0.302560
100.509330 -1.245020 71.247529
100.509330 -1.045020 67.651701
100.509330 -0.845020 63.382690
100.509330 -0.645020 63.680649
100.509330 -0.445020 60.788116
100.509330 -0.245020 56.349695
100.509330 -0.045020 52.044898
100.509330 0.154980 47.786395
100.509330 0.354980 44.968386
100.509330 0.554980 43.646150
100.509330 0.754980 42.074260
100.509330 0.954980 40.422114
100.509330 1.154980 39.104117
100.509330 1.354980 37.962475
100.509330 1.554980 37.045154
100.509330 1.754980 36.320060
100.509330 1.954980 35.743465
100.509330 2.154980 35.303364
100.509330 4.954980 9.043709
100.509330 5.154980 5.900953
100.509330 5.354980 3.784057
100.509330 5.554980 2.432625
100.509330 5.754980 1.580581
100.509330 5.954980 1.078574
100.509330 6.154980 0.745539
100.509330 6.354980 0.433209
100.709330 -1.645020 78.001260
100.709330 -1.445020 70.867203
100.709330 -1.245020 66.854488
100.709330 -1.045020 65.191058
100.709330 -0.845020 61.340053
100.709330 -0.645020 56.564958
100.709330 -0.445020 52.184985
100.709330 -0.245020 48.705332
100.709330 -0.045020 46.384493
100.709330 0.154980 43.977430
100.709330 0.354980 42.140654
100.709330 0.554980 40.790336
100.709330 0.754980 39.720638
100.709330 0.954980 38.683756
100.709330 1.154980 37.878707
100.709330 1.354980 37.166354
100.709330 1.554980 36.551569
100.709330 1.754980 36.045969
100.709330 1.954980 35.628489
100.709330 3.954980 31.405654
100.709330 4.154980 25.328858
100.709330 4.354980 18.835581
100.709330 4.554980 13.162173
100.709330 4.754980 9.123075
100.709330 4.954980 6.277629
100.709330 5.154980 4.387500
100.709330 5.354980 2.978146
100.709330 5.554980 1.996034
100.709330 5.754980 1.340710
100.709330 5.954980 0.902287
100.709330 6.154980 0.558716
100.709330 6.354980 0.320961
100.909330 -2.245020 85.985480
100.909330 -2.045020 79.845656
100.909330 -1.845020 76.290405
100.909330 -1.645020 71.272337
100.909330 -1.445020 67.422840
100.909330 -1.245020 64.681364
100.909330 -1.045020 58.567550
100.909330 -0.845020 53.204448
100.909330 -0.645020 49.272288
100.909330 -0.445020 46.942458
100.909330 -0.245020 44.909396
100.909330 -0.045020 43.424092
100.909330 0.154980 41.499457
100.909330 0.354980 40.145468
100.909330 0.554980 39.121982
100.909330 0.754980 38.421504
100.909330 0.954980 37.773305
100.909330 1.154980 37.204794
100.909330 1.354980 36.735303
100.909330 1.554980 36.310567
100.909330 1.754980 35.936953
100.909330 1.954980 35.613163
100.909330 2.154980 35.328282
100.909330 3.754980 31.717543
100.909330 3.954980 25.577418
100.909330 4.154980 19.017664
100.909330 4.354980 13.284315
100.909330 4.554980 9.203771
100.909330 4.754980 6.326275
100.909330 4.954980 4.422792
100.909330 5.154980 3.113120
100.909330 5.354980 2.229424
100.909330 5.554980 1.563929
100.909330 5.754980 1.088466
100.909330 5.954980 0.753935
100.909330 6.154980 0.438188
101.109330 -2.445020 85.816243
101.109330 -2.245020 77.326643
101.109330 -2.045020 70.245212
101.109330 -1.845020 68.984368
101.109330 -1.645020 67.617340
101.109330 -1.445020 63.472452
101.109330 -1.245020 57.000321
101.109330 -1.045020 51.637491
101.109330 -0.845020 48.039721
101.109330 -0.645020 45.766216
101.109330 -0.445020 44.014555
101.109330 -0.245020 42.671168
101.109330 -0.045020 41.273186
101.109330 0.154980 40.010927
101.109330 0.354980 38.949000
101.109330 0.554980 38.270996
101.109330 0.754980 37.743907
101.109330 0.954980 37.306172
101.109330 1.154980 36.892791
101.109330 1.354980 36.547239
101.109330 1.554980 36.227758
101.109330 1.754980 35.935745
101.109330 1.954980 35.664167
101.109330 2.154980 35.416525
101.109330 3.554980 27.349378
101.109330 3.754980 25.831424
101.109330 3.954980 19.203379
101.109330 4.154980 13.407947
101.109330 4.354980 9.282997
101.109330 4.554980 6.378135
101.109330 4.754980 4.456599
101.109330 4.954980 3.134353
101.109330 5.154980 2.244089
101.109330 5.354980 1.621828
101.109330 5.554980 1.183133
101.309330 -2.645020 85.690763
101.309330 -2.445020 77.346833
101.309330 -2.245020 70.879869
101.309330 -2.045020 66.943111
101.309330 -1.845020 63.936537
101.309330 -1.645020 59.334933
101.309330 -1.445020 54.561466
101.309330 -1.245020 50.551823
101.309330 -1.045020 47.324690
101.309330 -0.845020 45.018844
101.309330 -0.645020 43.437416
101.309330 -0.445020 41.979207
101.309330 -0.245020 40.813662
101.309330 -0.045020 39.907990
101.309330 0.154980 39.106129
101.309330 0.354980 38.396713
101.309330 0.554980 37.853737
101.309330 0.754980 37.445166
101.309330 0.954980 37.112311
101.309330 1.154980 36.798834
101.309330 1.354980 36.510654
101.309330 1.554980 36.249112
101.309330 1.754980 35.998308
101.309330 1.954980 35.758376
101.309330 3.154980 27.787541
101.309330 3.354980 26.247834
101.309330 3.554980 19.503596
101.309330 3.754980 17.193270
101.309330 3.954980 13.529743
101.309330 4.154980 9.363551
101.309330 4.354980 6.429966
101.309330 4.554980 4.488561
101.309330 4.754980 3.157074
101.309330 4.954980 2.260626
101.309330 5.154980 1.630150
101.309330 5.354980 1.193014
101.309330 5.554980 0.875608
101.309330 5.754980 0.613768
101.509330 -3.045020 85.017080
101.509330 -2.845020 78.910529
101.509330 -2.645020 75.767205
101.509330 -2.445020 71.503400
101.509330 -2.245020 67.341593
101.509330 -2.045020 61.328759
101.509330 -1.845020 55.363466
101.509330 -1.645020 51.282648
101.509330 -1.445020 48.602932
101.509330 -1.245020 46.407671
101.509330 -1.045020 44.483002
101.509330 -0.845020 42.927437
101.509330 -0.645020 41.450907
101.509330 -0.445020 40.414021
101.509330 -0.245020 39.743268
101.509330 -0.045020 39.135669
101.509330 0.154980 38.601561
101.509330 0.354980 38.116812
101.509330 0.554980 37.694161
101.509330 0.754980 37.360464
101.509330 0.954980 37.077021
101.509330 1.154980 36.817812
101.509330 1.354980 36.566073
101.509330 1.554980 36.329492
101.509330 1.754980 34.095006
101.509330 1.954980 28.934170
101.509330 2.754980 26.826431
101.509330 2.954980 19.927512
101.509330 3.154980 18.284043
101.509330 3.354980 17.459385
101.509330 3.554980 13.734012
101.509330 3.754980 10.476927
101.509330 3.954980 8.709045
101.509330 4.154980 6.483209
101.509330 4.354980 4.523816
101.509330 4.554980 3.179790
101.509330 4.754980 2.275286
101.509330 4.954980 1.639986
101.509330 5.154980 1.201372
101.509330 5.354980 0.880564
101.509330 5.554980 0.622175
101.509330 5.754980 0.396444
101.709330 -3.245020 84.752653
101.709330 -3.045020 76.042886
101.709330 -2.845020 69.096573
101.709330 -2.645020 68.734117
101.709330 -2.445020 65.496392
101.709330 -2.245020 59.455993
101.709330 -2.045020 53.482070
101.709330 -1.845020 49.263530
101.709330 -1.645020 46.283017
101.709330 -1.445020 44.804641
101.709330 -1.245020 43.497824
101.709330 -1.045020 42.354810
101.709330 -0.845020 41.018356
101.709330 -0.645020 39.973583
101.709330 -0.445020 39.321213
101.709330 -0.245020 38.954722
101.709330 -0.045020 38.752054
101.709330 0.154980 38.364082
101.709330 0.354980 38.007993
101.709330 0.554980 37.683404
101.709330 0.754980 37.389866
101.709330 0.954980 37.137264
101.709330 1.154980 36.899657
101.709330 1.354980 36.669677
101.709330 1.554980 34.418635
101.709330 1.754980 27.762263
101.709330 1.954980 20.611884
101.709330 2.754980 17.833420
101.709330 2.954980 14.019842
101.709330 3.154980 11.015815
101.709330 3.354980 10.625530
101.709330 3.554980 8.831488
101.709330 3.754980 6.569481
101.709330 3.954980 5.451522
101.709330 4.154980 4.312093
101.709330 4.354980 3.202501
101.709330 4.554980 2.291818
101.709330 4.754980 1.653224
101.709330 4.954980 1.206311
101.709330 5.154980 0.888949
101.709330 5.354980 0.627144
101.709330 5.554980 0.401424
101.709330 5.754980 0.253859
101.909330 -3.445020 77.730608
101.909330 -3.245020 73.959377
101.909330 -3.045020 68.917057
101.909330 -2.845020 65.196992
101.909330 -2.645020 62.159301
101.909330 -2.445020 57.062639
101.909330 -2.245020 51.852226
101.909330 -2.045020 48.380475
101.909330 -1.845020 45.505268
101.909330 -1.645020 43.471716
101.909330 -1.445020 42.170050
101.909330 -1.245020 41.269788
101.909330 -1.045020 40.288271
101.909330 -0.845020 39.494528
101.909330 -0.645020 38.920158
101.909330 -0.445020 38.552191
101.909330 -0.245020 38.377106
101.909330 -0.045020 38.329243
101.909330 0.154980 38.300553
101.909330 0.354980 38.013022
101.909330 0.554980 37.739953
101.909330 0.754980 37.483475
101.909330 0.954980 37.244039
101.909330 1.154980 37.017493
101.909330 1.354980 34.752720
101.909330 2.554980 11.234899
101.909330 2.754980 10.838033
101.909330 2.954980 9.001023
101.909330 3.154980 6.690128
101.909330 3.354980 6.368772
101.909330 3.554980 5.521308
101.909330 3.754980 4.365068
101.909330 3.954980 3.424848
101.909330 4.154980 2.836262
101.909330 4.354980 2.216264
101.909330 4.554980 1.663058
101.909330 4.754980 1.214668
101.909330 4.954980 0.893904
101.909330 5.154980 0.632112
101.909330 5.354980 0.404869
101.909330 5.554980 0.257310
101.909330 5.754980 0.159840
102.109330 -3.445020 67.265684
102.109330 -3.245020 65.478442
102.109330 -3.045020 64.415916
102.109330 -2.845020 60.663489
102.109330 -2.645020 53.918375
102.109330 -2.445020 50.304306
102.109330 -2.245020 47.172092
102.109330 -2.045020 44.724115
102.109330 -1.845020 42.930237
102.109330 -1.645020 41.477855
102.109330 -1.445020 40.039726
102.109330 -1.245020 39.292660
102.109330 -1.045020 38.793853
102.109330 -0.845020 38.405701
102.109330 -0.645020 38.139867
102.109330 -0.445020 37.988651
102.109330 -0.245020 37.942633
102.109330 -0.045020 37.980110
102.109330 0.154980 38.072836
102.109330 0.354980 38.085941
102.109330 0.554980 37.842597
102.109330 0.754980 37.605499
102.109330 0.954980 37.376161
102.109330 1.154980 37.153234
102.109330 1.354980 34.883576
102.109330 1.554980 25.065638
102.109330 2.354980 6.705913
102.109330 2.554980 6.671464
102.109330 2.754980 6.486444
102.109330 2.954980 5.621171
102.109330 3.154980 4.440433
102.109330 3.354980 3.877626
102.109330 3.554980 3.465322
102.109330 3.754980 2.870630
102.109330 3.954980 2.239201
102.109330 4.154980 1.869318
102.109330 4.354980 1.517734
102.109330 4.554980 1.184655
102.109330 4.754980 0.898859
102.109330 4.954980 0.637081
102.109330 5.154980 0.406404
102.109330 5.354980 0.257310
102.109330 5.554980 0.163294
102.109330 5.754980 0.101081
102.109330 5.954980 0.060736
102.109330 6.154980 0.035371
102.309330 -5.445020 99.841342
102.309330 -3.845020 75.039838
102.309330 -3.645020 68.162604
102.309330 -3.445020 62.337103
102.309330 -3.245020 61.088668
102.309330 -3.045020 58.071098
102.309330 -2.845020 52.578328
102.309330 -2.645020 48.191279
102.309330 -2.445020 45.063554
102.309330 -2.245020 43.595232
102.309330 -2.045020 42.152662
102.309330 -1.845020 40.936355
102.309330 -1.645020 39.602561
102.309330 -1.445020 38.605229
102.309330 -1.245020 37.981883
102.309330 -1.045020 37.779097
102.309330 -0.845020 37.638747
102.309330 -0.645020 37.564143
102.309330 -0.445020 37.554561
102.309330 -0.245020 37.600672
102.309330 -0.045020 37.693005
102.309330 0.154980 37.818687
102.309330 0.354980 37.965110
102.309330 0.554980 37.970123
102.309330 0.754980 37.742126
102.309330 1.154980 35.226252
102.309330 1.354980 28.416306
102.309330 2.354980 4.051576
102.309330 2.554980 4.032385
102.309330 2.754980 3.943770
102.309330 2.954980 3.522103
102.309330 3.154980 2.916191
102.309330 3.354980 2.417989
102.309330 3.554980 2.206486
102.309330 3.754980 1.887430
102.309330 3.954980 1.535911
102.309330 4.154980 1.241256
102.309330 4.354980 1.038624
102.309330 4.554980 0.835577
102.309330 4.754980 0.618738
102.309330 4.954980 0.411384
102.309330 5.154980 0.262297
102.309330 5.354980 0.163294
102.309330 5.554980 0.101081
102.309330 5.754980 0.060736
102.309330 5.954980 0.038829
102.309330 6.154980 0.021916
102.509330 -4.045020 74.766792
102.509330 -3.845020 67.916651
102.509330 -3.645020 64.311495
102.509330 -3.445020 59.370952
102.509330 -3.245020 55.374454
102.509330 -3.045020 50.075917
102.509330 -2.845020 46.764568
102.509330 -2.645020 44.234910
102.509330 -2.445020 42.231992
102.509330 -2.245020 40.944489
102.509330 -2.045020 39.973695
102.509330 -1.845020 38.943528
102.509330 -1.645020 38.140003
102.509330 -1.445020 37.582301
102.509330 -1.245020 37.229690
102.509330 -1.045020 37.092215
102.509330 -0.845020 37.096350
102.509330 -0.645020 37.135543
102.509330 -0.445020 37.209494
102.509330 -0.245020 37.313013
102.509330 -0.045020 37.441626
102.509330 0.154980 37.586777
102.509330 0.354980 37.745239
102.509330 0.554980 37.912846
102.509330 0.954980 37.664745
102.509330 2.154980 4.191685
102.509330 2.354980 2.674708
102.509330 2.554980 2.499764
102.509330 2.754980 2.454007
102.509330 2.954980 2.239201
102.509330 3.154980 1.918741
102.509330 3.354980 1.557490
102.509330 3.554980 1.428316
102.509330 3.754980 1.256069
102.509330 3.954980 1.048520
102.509330 4.154980 0.843965
102.509330 4.354980 0.700490
102.509330 4.554980 0.528503
102.509330 4.754980 0.374611
102.509330 4.954980 0.257310
102.509330 5.154980 0.163294
102.509330 5.354980 0.101081
102.509330 5.554980 0.060736
102.509330 5.754980 0.038829
102.709330 -4.245020 72.680421
102.709330 -4.045020 67.928342
102.709330 -3.845020 63.971847
102.709330 -3.645020 58.499444
102.709330 -3.445020 53.309854
102.709330 -3.245020 49.294950
102.709330 -3.045020 44.838667
102.709330 -2.845020 42.874162
102.709330 -2.645020 41.397378
102.709330 -2.445020 40.168407
102.709330 -2.245020 38.746178
102.709330 -2.045020 38.010175
102.709330 -1.845020 37.497469
102.709330 -1.645020 37.095775
102.709330 -1.445020 36.827447
102.709330 -1.245020 36.682760
102.709330 -1.045020 36.638940
102.709330 -0.845020 36.700817
102.709330 -0.645020 36.805174
102.709330 -0.445020 36.926340
102.709330 -0.245020 37.064217
102.709330 -0.045020 37.212417
102.709330 0.154980 37.370864
102.709330 0.354980 37.534195
102.709330 0.554980 37.702370
102.709330 0.954980 37.812723
102.709330 1.954980 5.437339
102.709330 2.154980 3.295144
102.709330 2.354980 2.189939
102.709330 2.554980 1.588906
102.709330 2.754980 1.562412
102.709330 2.954980 1.449919
102.709330 3.154980 1.272773
102.709330 3.354980 1.065259
102.709330 3.554980 0.938866
102.709330 3.754980 0.839007
102.709330 3.954980 0.712324
102.709330 4.154980 0.536918
102.709330 4.354980 0.396444
102.709330 4.554980 0.302560
102.709330 4.754980 0.222017
102.709330 4.954980 0.153310
102.709330 5.154980 0.101081
102.709330 5.354980 0.060736
102.709330 5.554980 0.038829
102.909330 -4.445020 65.594297
102.909330 -4.245020 64.061580
102.909330 -4.045020 62.923535
102.909330 -3.845020 57.596362
102.909330 -3.645020 51.317947
102.909330 -3.445020 46.822860
102.909330 -3.245020 44.352663
102.909330 -3.045020 41.870470
102.909330 -2.845020 40.250910
102.909330 -2.645020 39.109000
102.909330 -2.445020 38.074470
102.909330 -2.245020 37.266985
102.909330 -2.045020 36.703364
102.909330 -1.845020 36.500790
102.909330 -1.645020 36.352172
102.909330 -1.445020 36.273825
102.909330 -1.245020 36.262081
102.909330 -1.045020 36.308164
102.909330 -0.845020 36.399231
102.909330 -0.645020 36.535087
102.909330 -0.445020 36.681366
102.909330 -0.245020 36.835810
102.909330 -0.045020 36.997387
102.909330 0.154980 37.161692
102.909330 0.354980 37.328703
102.909330 0.554980 37.494306
102.909330 0.954980 35.731947
102.909330 1.954980 5.039759
102.909330 2.154980 3.103430
102.909330 2.354980 1.954944
102.909330 2.554980 1.256069
102.909330 2.754980 1.015406
102.909330 2.954980 0.952198
102.909330 3.154980 0.848922
102.909330 3.354980 0.727216
102.909330 3.554980 0.577070
102.909330 3.754980 0.496749
102.909330 3.954980 0.401424
102.909330 4.154980 0.307545
102.909330 4.354980 0.225468
102.909330 4.554980 0.171739
102.909330 4.754980 0.122974
102.909330 4.954980 0.087634
102.909330 5.154980 0.057279
102.909330 5.354980 0.038829
103.109330 -4.445020 59.008426
103.109330 -4.245020 58.210378
103.109330 -4.045020 55.726805
103.109330 -3.845020 50.116625
103.109330 -3.645020 46.127147
103.109330 -3.445020 43.105876
103.109330 -3.245020 41.181940
103.109330 -3.045020 39.661865
103.109330 -2.845020 38.008186
103.109330 -2.645020 37.167954
103.109330 -2.445020 36.611975
103.109330 -2.245020 36.208763
103.109330 -2.045020 35.935663
103.109330 -1.845020 35.823493
103.109330 -1.645020 35.824502
103.109330 -1.445020 35.859063
103.109330 -1.245020 35.930325
103.109330 -1.045020 34.035913
103.109330 -0.845020 36.158594
103.109330 -0.645020 36.302556
103.109330 -0.445020 36.461101
103.109330 -0.245020 36.625829
103.109330 -0.045020 36.791103
103.109330 0.154980 36.955946
103.109330 0.354980 37.122535
103.109330 0.754980 35.376788
103.109330 1.754980 6.685462
103.109330 1.954980 4.246202
103.109330 2.154980 2.705768
103.109330 2.354980 1.747350
103.109330 2.554980 1.143225
103.109330 2.754980 0.753935
103.109330 2.954980 0.587012
103.109330 3.154980 0.508607
103.109330 3.354980 0.411384
103.109330 3.554980 0.315977
103.109330 3.754980 0.270733
103.109330 3.954980 0.222017
103.109330 4.154980 0.171739
103.109330 4.354980 0.127968
103.109330 4.554980 0.092630
103.109330 4.754980 0.069190
103.109330 4.954980 0.047284
103.109330 5.154980 0.033831
103.109330 5.354980 0.021916
103.309330 -4.645020 59.171692
103.309330 -4.445020 55.130611
103.309330 -4.245020 50.229659
103.309330 -4.045020 48.050128
103.309330 -3.845020 44.978699
103.309330 -3.645020 42.433736
103.309330 -3.445020 40.521178
103.309330 -3.245020 39.067032
103.309330 -3.045020 37.576137
103.309330 -2.845020 36.530215
103.309330 -2.645020 35.860656
103.309330 -2.445020 35.624946
103.309330 -2.245020 35.464355
103.309330 -2.045020 35.383920
103.309330 -1.845020 35.369776
103.309330 -1.645020 35.437115
103.309330 -1.445020 35.539340
103.309330 -1.245020 33.679036
103.309330 -1.045020 27.444857
103.309330 -0.845020 28.987718
103.309330 -0.645020 29.108871
103.309330 -0.445020 29.236894
103.309330 -0.245020 29.370661
103.309330 -0.045020 36.586337
103.309330 0.154980 36.753902
103.309330 0.354980 34.866045
103.309330 1.754980 4.941105
103.309330 1.954980 3.326006
103.309330 2.154980 2.216264
103.309330 2.354980 1.477961
103.309330 2.554980 0.993708
103.309330 2.754980 0.640518
103.309330 2.954980 0.352772
103.309330 3.154980 0.275719
103.309330 3.354980 0.227006
103.309330 3.554980 0.176730
103.309330 3.754980 0.144863
103.309330 3.954980 0.119520
103.309330 4.154980 0.092630
103.309330 4.354980 0.069190
103.309330 4.554980 0.048824
103.309330 4.754980 0.035371
103.309330 4.954980 0.025374
103.509330 -4.845020 58.258043
103.509330 -4.645020 55.629883
103.509330 -4.445020 53.984565
103.509330 -4.245020 47.138573
103.509330 -4.045020 42.739704
103.509330 -3.845020 41.236848
103.509330 -3.645020 39.775432
103.509330 -3.445020 38.488564
103.509330 -3.245020 37.086674
103.509330 -3.045020 36.113426
103.509330 -2.845020 35.482150
103.509330 -2.645020 35.107697
103.509330 -2.445020 34.952321
103.509330 -2.245020 34.943586
103.509330 -2.045020 34.974123
103.509330 -1.845020 35.040873
103.509330 -1.645020 35.141481
103.509330 -1.445020 33.317922
103.509330 -1.245020 27.156049
103.509330 -1.045020 20.378896
103.509330 -0.845020 18.882071
103.509330 -0.445020 19.039460
103.509330 -0.245020 23.681572
103.509330 -0.045020 29.341048
103.509330 0.154980 29.477058
103.509330 0.354980 28.133850
103.509330 0.754980 18.767507
103.509330 1.354980 7.116527
103.509330 1.554980 4.977656
103.509330 1.754980 3.478314
103.509330 1.954980 2.476888
103.509330 2.154980 1.730726
103.509330 2.354980 1.196432
103.509330 2.554980 0.825660
103.509330 2.754980 0.501724
103.709330 -4.845020 54.833323
103.709330 -4.645020 53.801921
103.709330 -4.445020 48.728553
103.709330 -4.245020 43.482362
103.709330 -4.045020 40.328889
103.709330 -3.845020 38.623913
103.709330 -3.645020 37.486736
103.709330 -3.445020 36.456663
103.709330 -3.245020 35.649618
103.709330 -3.045020 35.095676
103.709330 -2.845020 34.743322
103.709330 -2.645020 34.565183
103.709330 -2.445020 34.511085
103.709330 -2.245020 34.562961
103.709330 -2.045020 34.659790
103.709330 -1.845020 34.775286
103.709330 -1.645020 32.963864
103.709330 -1.445020 26.866090
103.709330 -1.245020 20.170407
103.709330 -1.045020 14.197216
103.709330 0.154980 19.187218
103.709330 0.754980 11.267664
103.709330 1.354980 4.937816
103.709330 1.554980 3.478314
103.709330 1.754980 2.494888
103.709330 1.954980 1.793438
103.709330 2.154980 1.305801
103.709330 2.354980 0.935439
103.709330 2.554980 0.635550
103.909330 -5.045020 54.173910
103.909330 -4.845020 53.306813
103.909330 -4.645020 48.791185
103.909330 -4.445020 43.588295
103.909330 -4.245020 40.379550
103.909330 -4.045020 38.309397
103.909330 -3.845020 36.453925
103.909330 -3.645020 35.579502
103.909330 -3.445020 35.027960
103.909330 -3.245020 34.627994
103.909330 -3.045020 34.354692
103.909330 -2.845020 34.212183
103.909330 -2.645020 34.162347
103.909330 -2.445020 34.192237
103.909330 -2.245020 34.274197
103.909330 -2.045020 34.404754
103.909330 -1.845020 32.621403
103.909330 -1.645020 26.588530
103.909330 -1.445020 19.962605
103.909330 -1.245020 14.057525
103.909330 -1.045020 9.798896
103.909330 0.954980 5.822031
103.909330 1.354980 3.455668
103.909330 1.554980 2.476888
103.909330 1.754980 1.793438
103.909330 1.954980 1.314149
103.909330 2.154980 0.962102
103.909330 2.354980 0.703925
104.109330 -5.445020 58.155623
104.109330 -5.245020 54.602028
104.109330 -5.045020 52.755557
104.109330 -4.845020 48.608489
104.109330 -4.645020 43.532707
104.109330 -4.445020 40.190999
104.109330 -4.245020 38.058109
104.109330 -4.045020 36.211269
104.109330 -3.845020 35.040647
104.109330 -3.645020 34.324319
104.109330 -3.445020 34.069529
104.109330 -3.245020 33.905058
104.109330 -3.045020 33.821660
104.109330 -2.845020 33.804884
104.109330 -2.645020 33.847398
104.109330 -2.445020 33.929788
104.109330 -2.245020 34.046575
104.109330 -2.045020 34.186442
104.109330 -1.845020 32.424447
104.109330 -1.645020 23.553787
104.109330 -1.445020 14.707809
104.109330 -1.245020 9.707969
104.109330 -1.045020 6.715242
104.109330 1.154980 3.010603
104.109330 1.554980 1.780219
104.109330 1.754980 1.305801
104.109330 1.954980 0.965528
104.309330 -5.645020 63.092560
104.309330 -5.445020 57.609921
104.309330 -5.245020 53.423400
104.309330 -5.045020 48.364415
104.309330 -4.845020 43.293102
104.309330 -4.645020 39.912957
104.309330 -4.445020 37.781638
104.309330 -4.245020 35.914727
104.309330 -4.045020 34.732136
104.309330 -3.845020 34.003524
104.309330 -3.645020 33.592407
104.309330 -3.445020 33.418811
104.309330 -3.245020 33.399630
104.309330 -3.045020 33.426537
104.309330 -2.845020 33.490526
104.309330 -2.645020 33.584597
104.309330 -2.445020 33.704288
104.309330 -2.245020 33.841573
104.309330 -2.045020 32.093069
104.309330 -1.845020 26.160137
104.309330 -1.645020 19.646490
104.309330 -1.445020 12.769562
104.309330 -1.245020 7.861498
104.309330 -0.445020 3.161916
104.309330 0.154980 4.029065
104.309330 0.354980 3.971103
104.309330 0.754980 2.978146
104.509330 -5.645020 60.313518
104.509330 -5.445020 55.108169
104.509330 -5.245020 49.544382
104.509330 -5.045020 43.636844
104.509330 -4.845020 39.850987
104.509330 -4.645020 37.470279
104.509330 -4.445020 35.594025
104.509330 -4.245020 34.417623
104.509330 -4.045020 33.684478
104.509330 -3.845020 33.266757
104.509330 -3.645020 33.058595
104.509330 -3.445020 32.988565
104.509330 -3.245020 33.033667
104.509330 -3.045020 33.122728
104.509330 -2.845020 33.234265
104.509330 -2.645020 33.361251
104.509330 -2.445020 33.501547
104.509330 -2.245020 33.650479
104.509330 -2.045020 31.915254
104.509330 -0.445020 2.037107
104.509330 -0.245020 2.324505
104.509330 -0.045020 2.476888
104.509330 0.954980 1.590423
104.509330 1.154980 1.292516
104.709330 -5.445020 49.536164
104.709330 -5.245020 44.470761
104.709330 -5.045020 40.502507
104.709330 -4.845020 37.835909
104.709330 -4.645020 35.632636
104.709330 -4.445020 34.096020
104.709330 -4.245020 33.360307
104.709330 -4.045020 32.944150
104.709330 -3.845020 32.733691
104.709330 -3.645020 32.663321
104.709330 -3.445020 32.679137
104.709330 -3.245020 32.756258
104.709330 -3.045020 32.880797
104.709330 -2.845020 33.016439
104.709330 -2.645020 33.159773
104.709330 -2.445020 33.309470
104.709330 -2.245020 31.594008
104.709330 -2.045020 25.754370
104.709330 0.754980 1.282645
104.909330 -5.645020 50.933224
104.909330 -5.445020 45.313015
104.909330 -5.245020 41.363864
104.909330 -5.045020 38.452942
104.909330 -4.845020 36.146665
104.909330 -4.645020 34.338856
104.909330 -4.445020 33.271814
104.909330 -4.245020 32.659361
104.909330 -4.045020 32.407210
104.909330 -3.845020 32.336498
104.909330 -3.645020 32.354731
104.909330 -3.445020 32.426508
104.909330 -3.245020 32.536873
104.909330 -3.045020 32.669843
104.909330 -2.845020 32.819602
104.909330 -2.645020 32.972380
104.909330 -2.445020 33.128153
104.909330 -0.245020 0.962102
105.109330 -5.645020 48.472447
105.109330 -5.445020 43.055920
105.109330 -5.245020 39.324836
105.109330 -5.045020 36.873754
105.109330 -4.845020 34.859202
105.109330 -4.645020 33.424044
105.109330 -4.445020 32.601821
105.109330 -4.245020 32.209350
105.109330 -4.045020 32.047035
105.109330 -3.845020 32.029809
105.109330 -3.645020 32.101931
105.109330 -3.445020 32.211781
105.109330 -3.245020 32.340712
105.109330 -3.045020 32.484452
105.109330 -2.845020 32.635661
105.109330 -2.645020 32.791182
105.109330 -2.445020 31.105059
105.309330 -5.445020 41.411934
105.309330 -5.245020 38.245054
105.309330 -5.045020 36.084528
105.309330 -4.845020 34.021701
105.309330 -4.645020 32.787376
105.309330 -4.445020 32.127419
105.309330 -4.245020 31.856243
105.309330 -4.045020 31.768950
105.309330 -3.845020 31.798875
105.309330 -3.645020 31.889578
105.309330 -3.445020 32.014675
105.309330 -3.245020 32.156761
105.309330 -3.045020 32.307661
105.309330 -2.845020 32.461603
105.309330 -2.645020 32.617525
105.309330 -2.445020 30.939795
105.309330 -2.045020 14.067443
105.509330 -5.645020 43.178254
105.509330 -5.445020 39.631859
105.509330 -5.245020 37.069142
105.509330 -5.045020 35.057313
105.509330 -4.845020 33.340521
105.509330 -4.645020 32.345242
105.509330 -4.445020 31.822141
105.509330 -4.245020 31.595793
105.509330 -4.045020 31.543976
105.509330 -3.845020 31.594782
105.509330 -3.645020 31.703091
105.509330 -3.445020 31.834296
105.509330 -3.245020 31.982513
105.509330 -3.045020 32.133801
105.509330 -2.845020 32.287095
105.509330 -2.645020 32.443420
105.509330 -2.445020 30.774135
105.509330 -2.045020 13.995370
105.509330 -1.845020 8.360817
105.509330 -1.645020 5.020765
105.709330 -5.845020 44.985984
105.709330 -5.645020 40.624670
105.709330 -5.445020 37.834287
105.709330 -5.245020 35.860473
105.709330 -5.045020 33.965097
105.709330 -4.845020 32.647903
105.709330 -4.645020 31.893390
105.709330 -4.445020 31.508640
105.709330 -4.245020 31.357578
105.709330 -4.045020 31.347303
105.709330 -3.845020 31.416719
105.709330 -3.645020 31.530046
105.709330 -3.445020 31.665001
105.709330 -3.245020 31.810177
105.709330 -3.045020 31.964202
105.709330 -2.845020 32.117879
105.709330 -2.045020 12.166337
105.709330 -1.845020 7.516086
105.909330 -3.845020 31.238192
105.909330 -3.245020 31.643187
105.909330 -3.045020 31.795229
105.909330 -2.645020 30.300502
105.909330 -2.445020 22.020140
105.909330 -2.245020 13.791720
105.909330 -2.045020 9.139848
105.909330 -1.845020 6.013065
105.909330 -1.645020 3.877626
106.109330 -2.845020 29.996143
106.109330 -2.645020 24.453948
106.109330 -2.445020 18.390821
106.109330 -2.245020 11.995254
106.109330 -2.045020 7.418228
106.109330 -1.845020 4.568601
106.309330 -2.845020 29.834154
106.309330 -2.645020 21.683539
106.309330 -2.445020 13.593566
106.509330 -3.045020 29.533720
106.509330 -2.845020 24.080859
106.509330 -2.645020 18.116689
106.709330 -3.045020 23.838726