
 0 -1.055562e+07 -2.227211e+05 -2.227211e+05 -1.055562e+07 1.099900e+03 5.476325e+03 3.164255e+03 2.729656e+03 2.000000e+00
 1 -1.053146e+07 -2.354863e+05 -2.354863e+05 -1.053146e+07 1.099900e+03 5.476325e+03 3.164255e+03 2.729656e+03 2.000000e+00
 2 -1.051956e+07 -2.420777e+05 -2.420777e+05 -1.051956e+07 1.099900e+03 5.476325e+03 3.164255e+03 2.729656e+03 2.000000e+00
 3 -1.050129e+07 -2.611043e+05 -2.611043e+05 -1.050129e+07 1.099900e+03 5.476325e+03 3.164255e+03 2.729656e+03 2.000000e+00
 4 -1.053828e+07 -1.959115e+05 -1.959115e+05 -1.053828e+07 1.099900e+03 5.476325e+03 3.164255e+03 2.729656e+03 2.000000e+00
 5 -1.053538e+07 -2.544745e+05 -2.544745e+05 -1.053538e+07 1.099900e+03 5.476325e+03 3.164255e+03 2.729656e+03 2.000000e+00
 6 -1.052288e+07 -2.088545e+05 -2.088545e+05 -1.052288e+07 1.099900e+03 5.476325e+03 3.164255e+03 2.729656e+03 2.000000e+00
 7 -1.053774e+07 -2.192424e+05 -2.192424e+05 -1.053774e+07 1.099900e+03 5.476325e+03 3.164255e+03 2.729656e+03 2.000000e+00
 8 -1.054994e+07 -2.327484e+05 -2.327484e+05 -1.054994e+07 1.099900e+03 5.476325e+03 3.164255e+03 2.729656e+03 2.000000e+00
 9 -1.055619e+07 -2.336437e+05 -2.336437e+05 -1.055619e+07 1.099900e+03 5.476325e+03 3.164255e+03 2.729656e+03 2.000000e+00
 10 -1.056030e+07 -2.356626e+05 -2.356626e+05 -1.056030e+07 1.099900e+03 5.476325e+03 3.164255e+03 2.729656e+03 2.000000e+00
 11 -1.054461e+07 -2.289335e+05 -2.289335e+05 -1.054461e+07 1.099900e+03 5.476325e+03 3.164255e+03 2.729656e+03 2.000000e+00
 12 -1.054714e+07 -2.140975e+05 -2.140975e+05 -1.054714e+07 1.099900e+03 5.476325e+03 3.164255e+03 2.729656e+03 2.000000e+00
 13 -1.055111e+07 -2.109962e+05 -2.109962e+05 -1.055111e+07 1.099900e+03 5.476325e+03 3.164255e+03 2.729656e+03 2.000000e+00
 14 -1.054764e+07 -1.991944e+05 -1.991944e+05 -1.054764e+07 1.099900e+03 5.476325e+03 3.164255e+03 2.729656e+03 2.000000e+00
 15 -1.053738e+07 -2.146932e+05 -2.146932e+05 -1.053738e+07 1.099900e+03 5.476325e+03 3.164255e+03 2.729656e+03 2.000000e+00
 16 -1.054878e+07 -2.170387e+05 -2.170387e+05 -1.054878e+07 1.099900e+03 5.476325e+03 3.164255e+03 2.729656e+03 2.000000e+00
 17 -1.049098e+07 -2.695490e+05 -2.695490e+05 -1.049098e+07 1.099900e+03 5.476325e+03 3.164255e+03 2.729656e+03 2.000000e+00
 18 -1.048389e+07 -2.587617e+05 -2.587617e+05 -1.048389e+07 1.099900e+03 5.476325e+03 3.164255e+03 2.729656e+03 2.000000e+00
 19 -1.057834e+07 -2.054114e+05 -2.054114e+05 -1.057834e+07 1.099900e+03 5.476325e+03 3.164255e+03 2.729656e+03 2.000000e+00
 20 -1.057198e+07 -2.035561e+05 -2.035561e+05 -1.057198e+07 1.099900e+03 5.476325e+03 3.164255e+03 2.729656e+03 2.000000e+00
 21 -1.055486e+07 -2.047467e+05 -2.047467e+05 -1.055486e+07 1.099900e+03 5.476325e+03 3.164255e+03 2.729656e+03 2.000000e+00
 22 -1.058295e+07 -2.369729e+05 -2.369729e+05 -1.058295e+07 1.099900e+03 5.476325e+03 3.164255e+03 2.729656e+03 2.000000e+00
 23 -1.060968e+07 -2.248028e+05 -2.248028e+05 -1.060968e+07 1.099900e+03 5.476325e+03 3.164255e+03 2.729656e+03 2.000000e+00
 24 -1.058853e+07 -2.199228e+05 -2.199228e+05 -1.058853e+07 1.099900e+03 5.476325e+03 3.164255e+03 2.729656e+03 2.000000e+00
 25 -1.059012e+07 -2.356373e+05 -2.356373e+05 -1.059012e+07 1.099900e+03 5.476325e+03 3.164255e+03 2.729656e+03 2.000000e+00
 26 -1.057317e+07 -2.060287e+05 -2.060287e+05 -1.057317e+07 1.099900e+03 5.476325e+03 3.164255e+03 2.729656e+03 2.000000e+00
 27 -1.058502e+07 -2.254064e+05 -2.254064e+05 -1.058502e+07 1.099900e+03 5.476325e+03 3.164255e+03 2.729656e+03 2.000000e+00
 28 -1.056908e+07 -2.172369e+05 -2.172369e+05 -1.056908e+07 1.099900e+03 5.476325e+03 3.164255e+03 2.729656e+03 2.000000e+00
 29 -1.059632e+07 -2.220787e+05 -2.220787e+05 -1.059632e+07 1.099900e+03 5.476325e+03 3.164255e+03 2.729656e+03 2.000000e+00
 30 -1.059345e+07 -2.223208e+05 -2.223208e+05 -1.059345e+07 1.099900e+03 5.476325e+03 3.164255e+03 2.729656e+03 2.000000e+00
 31 -1.060926e+07 -2.277003e+05 -2.277003e+05 -1.060926e+07 1.099900e+03 5.476325e+03 3.164255e+03 2.729656e+03 2.000000e+00
 32 -1.061141e+07 -2.191731e+05 -2.191731e+05 -1.061141e+07 1.099900e+03 5.476325e+03 3.164255e+03 2.729656e+03 2.000000e+00
 33 -1.059259e+07 -2.310232e+05 -2.310232e+05 -1.059259e+07 1.099900e+03 5.476325e+03 3.164255e+03 2.729656e+03 2.000000e+00
 34 -1.057376e+07 -2.171225e+05 -2.171225e+05 -1.057376e+07 1.099900e+03 5.476325e+03 3.164255e+03 2.729656e+03 2.000000e+00
 35 -1.060380e+07 -2.182232e+05 -2.182232e+05 -1.060380e+07 1.099900e+03 5.476325e+03 3.164255e+03 2.729656e+03 2.000000e+00
 36 -1.059326e+07 -2.133448e+05 -2.133448e+05 -1.059326e+07 1.099900e+03 5.476325e+03 3.164255e+03 2.729656e+03 2.000000e+00
 37 -1.056544e+07 -2.295647e+05 -2.295647e+05 -1.056544e+07 1.099900e+03 5.476325e+03 3.164255e+03 2.729656e+03 2.000000e+00
 38 -1.060169e+07 -2.168888e+05 -2.168888e+05 -1.060169e+07 1.099900e+03 5.476325e+03 3.164255e+03 2.729656e+03 2.000000e+00
 39 -1.054943e+07 -2.709317e+05 -2.709317e+05 -1.054943e+07 1.099900e+03 5.476325e+03 3.164255e+03 2.729656e+03 2.000000e+00
 40 -1.055991e+07 -2.573892e+05 -2.573892e+05 -1.055991e+07 1.099900e+03 5.476325e+03 3.164255e+03 2.729656e+03 2.000000e+00
 41 -1.049015e+07 -2.785469e+05 -2.785469e+05 -1.049015e+07 1.099900e+03 5.476325e+03 3.164255e+03 2.729656e+03 2.000000e+00
 42 -1.052893e+07 -2.800458e+05 -2.800458e+05 -1.052893e+07 1.099900e+03 5.476325e+03 3.164255e+03 2.729656e+03 2.000000e+00
 43 -1.052157e+07 -2.810532e+05 -2.810532e+05 -1.052157e+07 1.099900e+03 5.476325e+03 3.164255e+03 2.729656e+03 2.000000e+00
 44 -1.054730e+07 -2.519419e+05 -2.519419e+05 -1.054730e+07 1.099900e+03 5.476325e+03 3.164255e+03 2.729656e+03 2.000000e+00
 45 -1.056307e+07 -2.612076e+05 -2.612076e+05 -1.056307e+07 1.099900e+03 5.476325e+03 3.164255e+03 2.729656e+03 2.000000e+00
 46 -1.054251e+07 -2.624216e+05 -2.624216e+05 -1.054251e+07 1.099900e+03 5.476325e+03 3.164255e+03 2.729656e+03 2.000000e+00
 47 -1.056145e+07 -2.463560e+05 -2.463559e+05 -1.056145e+07 1.099900e+03 5.476325e+03 3.164255e+03 2.729656e+03 2.000000e+00
 48 -1.050211e+07 -2.797588e+05 -2.797588e+05 -1.050211e+07 1.099900e+03 5.476325e+03 3.164255e+03 2.729656e+03 2.000000e+00
 49 -1.058965e+07 -2.515944e+05 -2.515944e+05 -1.058965e+07 1.099900e+03 5.476325e+03 3.164255e+03 2.729656e+03 2.000000e+00
 50 -1.060330e+07 -2.316380e+05 -2.316380e+05 -1.060330e+07 1.099900e+03 5.476325e+03 3.164255e+03 2.729656e+03 2.000000e+00
 51 -1.058762e+07 -2.727540e+05 -2.727541e+05 -1.058762e+07 1.099900e+03 5.476325e+03 3.164255e+03 2.729656e+03 2.000000e+00
 52 -1.059221e+07 -2.435735e+05 -2.435735e+05 -1.059221e+07 1.099900e+03 5.476325e+03 3.164255e+03 2.729656e+03 2.000000e+00
 53 -1.060992e+07 -2.421299e+05 -2.421299e+05 -1.060992e+07 1.099900e+03 5.476325e+03 3.164255e+03 2.729656e+03 2.000000e+00
 54 -1.060133e+07 -2.542601e+05 -2.542601e+05 -1.060133e+07 1.099900e+03 5.476325e+03 3.164255e+03 2.729656e+03 2.000000e+00
 55 -1.060228e+07 -2.373283e+05 -2.373283e+05 -1.060228e+07 1.099900e+03 5.476325e+03 3.164255e+03 2.729656e+03 2.000000e+00
 56 -1.057839e+07 -2.402614e+05 -2.402614e+05 -1.057839e+07 1.099900e+03 5.476325e+03 3.164255e+03 2.729656e+03 2.000000e+00
 57 -1.057304e+07 -2.472259e+05 -2.472259e+05 -1.057304e+07 1.099900e+03 5.476325e+03 3.164255e+03 2.729656e+03 2.000000e+00
 58 -1.058738e+07 -2.395384e+05 -2.395384e+05 -1.058738e+07 1.099900e+03 5.476325e+03 3.164255e+03 2.729656e+03 2.000000e+00
 59 -1.060771e+07 -2.556449e+05 -2.556448e+05 -1.060771e+07 1.099900e+03 5.476325e+03 3.164255e+03 2.729656e+03 2.000000e+00
 60 -1.060059e+07 -2.385873e+05 -2.385873e+05 -1.060059e+07 1.099900e+03 5.476325e+03 3.164255e+03 2.729656e+03 2.000000e+00
 61 -1.060868e+07 -2.324237e+05 -2.324237e+05 -1.060868e+07 1.099900e+03 5.476325e+03 3.164255e+03 2.729656e+03 2.000000e+00
 62 9.984070e+04 1.445144e+05 1.445144e+05 9.984070e+04 1.099900e+03 5.423416e+03 3.079682e+03 2.719803e+03 2.000000e+00
 63 1.238730e+05 1.157724e+04 1.157724e+04 1.238730e+05 1.099900e+03 5.487866e+03 3.183736e+03 2.732316e+03 2.000000e+00
 64 8.681675e+04 6.857194e+04 6.857194e+04 8.681675e+04 1.099900e+03 5.520511e+03 3.225729e+03 2.743699e+03 2.000000e+00
 65 3.022338e+04 1.105450e+05 1.105450e+05 3.022338e+04 1.099900e+03 5.412827e+03 3.117177e+03 2.725517e+03 2.000000e+00
 66 8.673154e+04 1.659863e+05 1.659863e+05 8.673154e+04 1.099900e+03 5.305810e+03 2.948362e+03 2.719097e+03 2.000000e+00
 67 7.867853e+04 1.030224e+05 1.030224e+05 7.867853e+04 1.099900e+03 5.458711e+03 3.178385e+03 2.729461e+03 2.000000e+00
 68 1.009013e+05 5.187158e+04 5.187158e+04 1.009013e+05 1.099900e+03 5.471103e+03 3.212705e+03 2.737440e+03 2.000000e+00
 69 9.194969e+04 1.234434e+05 1.234434e+05 9.194969e+04 1.099900e+03 5.322775e+03 3.101503e+03 2.719492e+03 2.000000e+00
 70 8.899082e+04 3.323068e+04 3.323068e+04 8.899082e+04 1.099900e+03 5.579746e+03 3.290916e+03 2.747666e+03 2.000000e+00
 71 5.671563e+04 1.230146e+05 1.230146e+05 5.671563e+04 1.099900e+03 5.332718e+03 3.073208e+03 2.702130e+03 2.000000e+00
 72 3.697142e+04 1.244450e+05 1.244450e+05 3.697142e+04 1.099900e+03 5.355869e+03 3.076920e+03 2.715559e+03 2.000000e+00
 73 2.898780e+04 8.139253e+04 8.139253e+04 2.898780e+04 1.099900e+03 5.451800e+03 3.146827e+03 2.729537e+03 2.000000e+00
 74 1.071225e+05 3.123720e+03 3.123720e+03 1.071225e+05 1.099900e+03 5.448949e+03 3.187581e+03 2.727350e+03 2.000000e+00
 75 6.771510e+03 8.958895e+04 8.958895e+04 6.771510e+03 1.099900e+03 5.471444e+03 3.161002e+03 2.729968e+03 2.000000e+00
 76 4.530869e+04 1.127754e+05 1.127753e+05 4.530869e+04 1.099900e+03 5.360189e+03 3.079523e+03 2.716281e+03 2.000000e+00
 77 4.812976e+04 1.207648e+05 1.207648e+05 4.812976e+04 1.099900e+03 5.304190e+03 3.041198e+03 2.706816e+03 2.000000e+00
 78 1.004160e+05 3.662596e+04 3.662596e+04 1.004160e+05 1.099900e+03 5.509951e+03 3.246575e+03 2.734581e+03 2.000000e+00
 79 9.300550e+04 1.039303e+05 1.039303e+05 9.300550e+04 1.099900e+03 5.508498e+03 3.231531e+03 2.739114e+03 2.000000e+00
 80 1.998054e+04 1.013316e+05 1.013316e+05 1.998054e+04 1.099900e+03 5.441467e+03 3.138745e+03 2.729800e+03 2.000000e+00
 81 3.040795e+04 1.123875e+05 1.123875e+05 3.040795e+04 1.099900e+03 5.408526e+03 3.114202e+03 2.724712e+03 2.000000e+00
 82 5.453386e+04 1.381732e+05 1.381732e+05 5.453386e+04 1.099900e+03 5.244920e+03 3.030763e+03 2.691677e+03 2.000000e+00
 83 3.867068e+04 9.274074e+04 9.274074e+04 3.867068e+04 1.099900e+03 5.457357e+03 3.151740e+03 2.726963e+03 2.000000e+00
 84 8.975870e+03 1.733559e+05 1.733559e+05 8.975870e+03 1.099900e+03 5.450182e+03 3.204842e+03 2.724625e+03 2.000000e+00
 85 2.051855e+04 5.996220e+04 5.996220e+04 2.051855e+04 1.099900e+03 5.453158e+03 3.148107e+03 2.729664e+03 2.000000e+00
 86 9.932413e+04 6.398931e+04 6.398931e+04 9.932413e+04 1.099900e+03 5.448528e+03 3.188554e+03 2.744424e+03 2.000000e+00
 87 2.841828e+04 8.957661e+04 8.957661e+04 2.841828e+04 1.099900e+03 5.444651e+03 3.141252e+03 2.729663e+03 2.000000e+00
 88 1.126114e+05 5.267264e+04 5.267264e+04 1.126114e+05 1.099900e+03 5.432201e+03 3.191079e+03 2.726876e+03 2.000000e+00
 89 6.903145e+04 4.764061e+04 4.764061e+04 6.903145e+04 1.099900e+03 5.482519e+03 3.185666e+03 2.730614e+03 2.000000e+00
 90 3.299491e+04 1.700236e+05 1.700236e+05 3.299491e+04 1.099900e+03 5.412115e+03 3.175821e+03 2.724325e+03 2.000000e+00
 91 6.666574e+04 9.943692e+04 9.943692e+04 6.666574e+04 1.099900e+03 5.480277e+03 3.176556e+03 2.724641e+03 2.000000e+00
 92 7.336244e+04 1.740845e+05 1.740845e+05 7.336244e+04 1.099900e+03 5.406715e+03 3.132496e+03 2.716733e+03 2.000000e+00
 93 6.330222e+04 1.532689e+05 1.532689e+05 6.330222e+04 1.099900e+03 5.317850e+03 3.058403e+03 2.698532e+03 2.000000e+00
 94 2.405760e+04 1.150060e+05 1.150060e+05 2.405760e+04 1.099900e+03 5.404669e+03 3.112499e+03 2.723465e+03 2.000000e+00
 95 7.650666e+04 6.027509e+04 6.027509e+04 7.650666e+04 1.099900e+03 5.516982e+03 3.217279e+03 2.735419e+03 2.000000e+00
 96 7.226992e+04 1.123550e+04 1.123550e+04 7.226992e+04 1.099900e+03 5.519156e+03 3.222467e+03 2.735316e+03 2.000000e+00
 97 4.683348e+04 3.957403e+04 3.957403e+04 4.683348e+04 1.099900e+03 5.486557e+03 3.178194e+03 2.725245e+03 2.000000e+00
 98 6.581442e+04 7.206371e+04 7.206371e+04 6.581442e+04 1.099900e+03 5.492713e+03 3.187145e+03 2.726590e+03 2.000000e+00
 99 4.747330e+04 8.335602e+04 8.335602e+04 4.747330e+04 1.099900e+03 5.479324e+03 3.169375e+03 2.725817e+03 2.000000e+00
 100 5.270389e+04 1.361723e+05 1.361723e+05 5.270389e+04 1.099900e+03 5.255899e+03 3.030256e+03 2.694643e+03 2.000000e+00
 101 5.897407e+04 8.649968e+04 8.649968e+04 5.897407e+04 1.099900e+03 5.471373e+03 3.165415e+03 2.724754e+03 2.000000e+00
 102 4.574660e+03 1.001406e+05 1.001406e+05 4.574660e+03 1.099900e+03 5.466752e+03 3.157244e+03 2.729713e+03 2.000000e+00
 103 7.713881e+04 2.722029e+04 2.722029e+04 7.713881e+04 1.099900e+03 5.514962e+03 3.221368e+03 2.736589e+03 2.000000e+00
 104 4.908302e+04 9.152256e+04 9.152256e+04 4.908302e+04 1.099900e+03 5.465454e+03 3.158142e+03 2.725123e+03 2.000000e+00
 105 7.676228e+04 3.223435e+04 3.223435e+04 7.676228e+04 1.099900e+03 5.507717e+03 3.216042e+03 2.736423e+03 2.000000e+00
 106 1.219973e+05 1.070405e+05 1.070405e+05 1.219973e+05 1.099900e+03 5.465127e+03 3.173422e+03 2.727509e+03 2.000000e+00
 107 1.061534e+05 3.467333e+04 3.467333e+04 1.061534e+05 1.099900e+03 5.472781e+03 3.215411e+03 2.727307e+03 2.000000e+00
 108 2.119346e+04 3.005505e+04 3.005505e+04 2.119346e+04 1.099900e+03 5.474258e+03 3.164831e+03 2.729227e+03 2.000000e+00
 109 2.931002e+04 1.190513e+05 1.190513e+05 2.931002e+04 1.099900e+03 5.388530e+03 3.100671e+03 2.720788e+03 2.000000e+00
 110 8.775890e+03 1.142346e+04 1.142346e+04 8.775890e+03 1.099900e+03 5.477519e+03 3.165384e+03 2.729650e+03 2.000000e+00
 111 2.362559e+04 1.370884e+05 1.370884e+05 2.362559e+04 1.099900e+03 5.378500e+03 3.099766e+03 2.718036e+03 2.000000e+00
 112 2.677907e+04 4.487614e+04 4.487614e+04 2.677907e+04 1.099900e+03 5.472181e+03 3.165080e+03 2.728876e+03 2.000000e+00
 113 1.865156e+04 8.633673e+04 8.633673e+04 1.865156e+04 1.099900e+03 5.450584e+03 3.145759e+03 2.729911e+03 2.000000e+00
 114 1.006402e+05 1.669766e+04 1.669766e+04 1.006402e+05 1.099900e+03 5.504882e+03 3.242599e+03 2.733604e+03 2.000000e+00
 115 9.955846e+04 7.821990e+04 7.821990e+04 9.955846e+04 1.099900e+03 5.508519e+03 3.234079e+03 2.743001e+03 2.000000e+00
 116 3.647833e+04 1.061316e+05 1.061316e+05 3.647833e+04 1.099900e+03 5.419566e+03 3.122262e+03 2.725155e+03 2.000000e+00
 117 5.121676e+04 7.885469e+04 7.885469e+04 5.121676e+04 1.099900e+03 5.479148e+03 3.170413e+03 2.724871e+03 2.000000e+00
 118 3.424565e+04 1.436192e+05 1.436192e+05 3.424565e+04 1.099900e+03 5.366148e+03 3.094831e+03 2.717103e+03 2.000000e+00
 119 3.116605e+04 9.972046e+04 9.972046e+04 3.116605e+04 1.099900e+03 5.440110e+03 3.137166e+03 2.729837e+03 2.000000e+00