94.61338	6.38653	15
94.61338	6.37653	15
94.61338	6.36653	15
94.62338	6.36653	15
94.62338	6.35653	15
94.63338	6.35653	15
94.63338	6.34653	15
94.63338	6.33653	15
94.64338	6.33653	15
94.64338	6.32653	15
94.65338	6.32653	15
94.65338	6.31653	15
94.65338	6.30653	15
94.66338	6.30653	15
94.66338	6.29653	15
94.67338	6.29653	15
94.67338	6.28653	15
94.67338	6.27653	15
94.68338	6.27653	15
94.68338	6.26653	15
94.68338	6.25653	15
94.69338	6.25653	15
94.69338	6.24653	15
94.70338	6.24653	15
94.70338	6.23653	15
94.70338	6.22653	15
94.71338	6.22653	15
94.71338	6.21653	15
94.72338	6.21653	15
94.72338	6.20653	15
94.72338	6.19653	15
94.73338	6.19653	15
94.73338	6.18653	15
94.74338	6.18653	15
94.74338	6.17653	15
94.74338	6.16653	15
94.75338	6.16653	15
94.75338	6.15653	15
94.76338	6.15653	15
94.76338	6.14653	15
94.76338	6.13653	15
94.77338	6.13653	15
94.77338	6.12653	15
94.78338	6.12653	15
94.78338	6.11653	15
94.78338	6.10653	15
94.79338	6.10653	15
94.79338	6.09653	15
94.80338	6.09653	15
94.80338	6.08653	15
94.81338	6.08653	15
94.81338	6.07653	15
94.81338	6.06653	15
94.82338	6.06653	15
94.82338	6.05653	15
94.83338	6.05653	15
94.83338	6.04653	15
94.84338	6.04653	15
94.84338	6.03653	15
94.85338	6.03653	15
94.85338	6.02653	15
94.86338	6.02653	15
94.86338	6.01653	15
94.86338	6.00653	15
94.87338	6.00653	15
94.87338	5.99653	15
94.88338	5.99653	15
94.88338	5.98653	15
94.89338	5.98653	15
94.89338	5.97653	15
94.90338	5.97653	15
94.90338	5.96653	15
94.91338	5.96653	15
94.91338	5.95653	15
94.92338	5.95653	15
94.92338	5.94653	15
94.92338	5.93653	15
94.93338	5.93653	15
94.93338	5.92653	15
94.94338	5.92653	15
94.94338	5.91653	15
94.95338	5.91653	15
94.95338	5.90653	15
94.96338	5.90653	15
94.96338	5.89653	15
94.97338	5.89653	15
94.97338	5.88653	15
94.97338	5.87653	15
94.98338	5.87653	15
94.98338	5.86653	15
94.99338	5.86653	15
94.99338	5.85653	15
95.00338	5.85653	15
95.00338	5.84653	15
95.01338	5.84653	15
95.01338	5.83653	15
95.02338	5.83653	15
95.02338	5.82653	15
95.02338	5.81653	15
95.03338	5.81653	15
95.03338	5.80653	15
95.04338	5.80653	15
95.04338	5.79653	15
95.05338	5.79653	15
95.05338	5.78653	15
95.06338	5.78653	15
95.06338	5.77653	15
95.07338	5.77653	15
95.07338	5.76653	15
95.07338	5.75653	15
95.08338	5.75653	15
95.08338	5.74653	15
95.09338	5.74653	15
95.09338	5.73653	15
95.10338	5.73653	15
95.10338	5.72653	15
95.11338	5.72653	15
95.11338	5.71653	15
95.12338	5.71653	15
95.12338	5.70653	15
95.12338	5.69653	15
95.13338	5.69653	15
95.13338	5.68653	15
95.14338	5.68653	15
95.14338	5.67653	15
95.15338	5.67653	15
95.15338	5.66653	15
95.16338	5.66653	15
95.16338	5.65653	15
95.17338	5.65653	15
95.17338	5.64653	15
95.18338	5.64653	15
95.18338	5.63653	15
95.18338	5.62653	15
95.19338	5.62653	15
95.19338	5.61653	15
95.20338	5.61653	15
95.20338	5.60653	15
95.21338	5.60653	15
95.21338	5.59653	15
95.22338	5.59653	15
95.22338	5.58653	15
95.23338	5.58653	15
95.23338	5.57653	15
95.23338	5.56653	15
95.24338	5.56653	15
95.24338	5.55653	15
95.25338	5.55653	15
95.25338	5.54653	15
95.26338	5.54653	15
95.26338	5.53653	15
95.27338	5.53653	15
95.27338	5.52653	15
95.28338	5.52653	15
95.28338	5.51653	15
95.28338	5.50653	15
95.29338	5.50653	15
95.30338	5.50653	15
95.30338	5.49653	15
95.31338	5.49653	15
95.31338	5.48653	15
95.32338	5.48653	15
95.32338	5.47653	15
95.33338	5.47653	15
95.33338	5.46653	15
95.34338	5.46653	15
95.34338	5.45653	15
95.35338	5.45653	15
95.36338	5.45653	15
95.36338	5.44653	15
95.37338	5.44653	15
95.37338	5.43653	15
95.38338	5.43653	15
95.38338	5.42653	15
95.39338	5.42653	15
95.39338	5.41653	15
95.39338	5.40653	15
95.40338	5.40653	15
95.40338	5.39653	15
95.40338	5.38653	15
95.41338	5.38653	15
95.42338	5.38653	15
95.42338	5.37653	15
95.43338	5.37653	15
95.43338	5.36653	15
95.44338	5.36653	15
95.44338	5.35653	15
95.45338	5.35653	15
95.45338	5.34653	15
95.46338	5.34653	15
95.46338	5.33653	15
95.47338	5.33653	15
95.48338	5.33653	15
95.48338	5.32653	15
95.49338	5.32653	15
95.49338	5.31653	15
95.50338	5.31653	15
95.50338	5.30653	15
95.51338	5.30653	15
95.51338	5.29653	15
95.52338	5.29653	15
95.52338	5.28653	15
95.53338	5.28653	15
95.54338	5.28653	15
95.54338	5.27653	15
95.55338	5.27653	15
95.55338	5.26653	15
95.56338	5.26653	15
95.56338	5.25653	15
95.57338	5.25653	15
95.58338	5.25653	15
95.58338	5.24653	15
95.59338	5.24653	15
95.59338	5.23653	15
95.60338	5.23653	15
95.61338	5.23653	15
95.61338	5.22653	15
95.62338	5.22653	15
95.62338	5.21653	15
95.63338	5.21653	15
95.63338	5.20653	15
95.64338	5.20653	15
95.65338	5.20653	15
95.65338	5.19653	15
95.66338	5.19653	15
95.66338	5.18653	15
95.67338	5.18653	15
95.85338	5.18653	15
95.67338	5.17653	15
95.68338	5.17653	15
95.69338	5.17653	15
95.85338	5.17653	15
95.86338	5.17653	15
95.69338	5.16653	15
95.70338	5.16653	15
95.86338	5.16653	15
95.87338	5.16653	15
95.70338	5.15653	15
95.71338	5.15653	15
95.72338	5.15653	15
95.87338	5.15653	15
95.88338	5.15653	15
95.72338	5.14653	15
95.73338	5.14653	15
95.88338	5.14653	15
95.73338	5.13653	15
95.74338	5.13653	15
95.88338	5.13653	15
95.89338	5.13653	15
95.74338	5.12653	15
95.75338	5.12653	15
95.76338	5.12653	15
95.89338	5.12653	15
95.76338	5.11653	15
95.77338	5.11653	15
95.89338	5.11653	15
95.77338	5.10653	15
95.78338	5.10653	15
95.79338	5.10653	15
95.89338	5.10653	15
95.90338	5.10653	15
95.79338	5.09653	15
95.80338	5.09653	15
95.90338	5.09653	15
95.80338	5.08653	15
95.81338	5.08653	15
95.82338	5.08653	15
95.90338	5.08653	15
95.91338	5.08653	15
95.82338	5.07653	15
95.83338	5.07653	15
95.91338	5.07653	15
95.83338	5.06653	15
95.84338	5.06653	15
95.91338	5.06653	15
95.92338	5.06653	15
95.84338	5.05653	15
95.85338	5.05653	15
95.86338	5.05653	15
95.92338	5.05653	15
95.93338	5.05653	15
95.86338	5.04653	15
95.87338	5.04653	15
95.93338	5.04653	15
95.94338	5.04653	15
95.87338	5.03653	15
95.88338	5.03653	15
95.94338	5.03653	15
95.95338	5.03653	15
95.88338	5.02653	15
95.89338	5.02653	15
95.90338	5.02653	15
95.95338	5.02653	15
95.96338	5.02653	15
95.97338	5.02653	15
95.90338	5.01653	15
95.91338	5.01653	15
95.97338	5.01653	15
95.98338	5.01653	15
95.99338	5.01653	15
96.00338	5.01653	15
95.91338	5.00653	15
95.92338	5.00653	15
96.00338	5.00653	15
96.01338	5.00653	15
95.92338	4.99653	15
95.93338	4.99653	15
96.01338	4.99653	15
96.02338	4.99653	15
95.93338	4.98653	15
95.94338	4.98653	15
96.02338	4.98653	15
96.03338	4.98653	15
96.04338	4.98653	15
95.94338	4.97653	15
95.95338	4.97653	15
96.04338	4.97653	15
96.05338	4.97653	15
95.95338	4.96653	15
95.96338	4.96653	15
95.97338	4.96653	15
96.05338	4.96653	15
96.06338	4.96653	15
95.97338	4.95653	15
95.98338	4.95653	15
96.06338	4.95653	15
96.07338	4.95653	15
95.98338	4.94653	15
95.99338	4.94653	15
96.07338	4.94653	15
96.08338	4.94653	15
95.99338	4.93653	15
96.00338	4.93653	15
96.08338	4.93653	15
96.09338	4.93653	15
96.00338	4.92653	15
96.01338	4.92653	15
96.09338	4.92653	15
96.01338	4.91653	15
96.02338	4.91653	15
96.03338	4.91653	15
96.09338	4.91653	15
96.10338	4.91653	15
96.03338	4.90653	15
96.04338	4.90653	15
96.10338	4.90653	15
96.11338	4.90653	15
96.12338	4.90653	15
96.04338	4.89653	15
96.05338	4.89653	15
96.12338	4.89653	15
96.05338	4.88653	15
96.06338	4.88653	15
96.06338	4.87653	15
96.07338	4.87653	15
96.07338	4.86653	15
96.08338	4.86653	15
96.08338	4.85653	15
96.09338	4.85653	15
96.09338	4.84653	15
96.10338	4.84653	15
96.10338	4.83653	15
96.11338	4.83653	15
96.11338	4.82653	15
96.12338	4.82653	15
96.12338	4.81653	15
96.13338	4.81653	15
96.13338	4.80653	15
96.14338	4.80653	15
96.14338	4.79653	15
96.15338	4.79653	15
96.15338	4.78653	15
96.16338	4.78653	15
96.16338	4.77653	15
96.17338	4.77653	15
96.17338	4.76653	15
96.18338	4.76653	15
96.18338	4.75653	15
96.19338	4.75653	15
96.19338	4.74653	15
96.20338	4.74653	15
96.20338	4.73653	15
96.21338	4.73653	15
96.21338	4.72653	15
96.22338	4.72653	15
96.22338	4.71653	15
96.23338	4.71653	15
96.23338	4.70653	15
96.24338	4.70653	15
96.24338	4.69653	15
96.25338	4.69653	15
96.25338	4.68653	15
96.26338	4.68653	15
96.27338	4.68653	15
96.27338	4.67653	15
96.28338	4.67653	15
96.28338	4.66653	15
96.29338	4.66653	15
96.29338	4.65653	15
96.30338	4.65653	15
96.30338	4.64653	15
96.31338	4.64653	15
96.86338	4.64653	15
96.87338	4.64653	15
96.88338	4.64653	15
96.89338	4.64653	15
96.31338	4.63653	15
96.32338	4.63653	15
96.89338	4.63653	15
96.90338	4.63653	15
96.91338	4.63653	15
96.92338	4.63653	15
96.93338	4.63653	15
96.94338	4.63653	15
96.95338	4.63653	15
96.32338	4.62653	15
96.95338	4.62653	15
96.96338	4.62653	15
96.97338	4.62653	15
96.32338	4.61653	15
96.33338	4.61653	15
96.97338	4.61653	15
96.98338	4.61653	15
96.33338	4.60653	15
96.34338	4.60653	15
96.98338	4.60653	15
96.99338	4.60653	15
96.34338	4.59653	15
96.35338	4.59653	15
96.99338	4.59653	15
97.00338	4.59653	15
97.01338	4.59653	15
96.35338	4.58653	15
96.36338	4.58653	15
97.01338	4.58653	15
97.02338	4.58653	15
96.36338	4.57653	15
96.37338	4.57653	15
97.02338	4.57653	15
97.03338	4.57653	15
97.04338	4.57653	15
96.37338	4.56653	15
96.38338	4.56653	15
97.04338	4.56653	15
97.05338	4.56653	15
96.38338	4.55653	15
96.39338	4.55653	15
96.40338	4.55653	15
97.05338	4.55653	15
97.06338	4.55653	15
97.07338	4.55653	15
96.40338	4.54653	15
96.41338	4.54653	15
97.07338	4.54653	15
97.08338	4.54653	15
96.41338	4.53653	15
96.42338	4.53653	15
97.08338	4.53653	15
97.09338	4.53653	15
97.10338	4.53653	15
96.42338	4.52653	15
96.43338	4.52653	15
97.10338	4.52653	15
96.43338	4.51653	15
96.44338	4.51653	15
96.45338	4.51653	15
96.45338	4.50653	15
96.46338	4.50653	15
97.51338	4.50653	15
96.46338	4.49653	15
96.47338	4.49653	15
97.51338	4.49653	15
96.47338	4.48653	15
96.48338	4.48653	15
96.49338	4.48653	15
97.51338	4.48653	15
96.49338	4.47653	15
96.50338	4.47653	15
97.51338	4.47653	15
96.50338	4.46653	15
96.51338	4.46653	15
96.52338	4.46653	15
97.51338	4.46653	15
96.52338	4.45653	15
96.53338	4.45653	15
97.51338	4.45653	15
96.53338	4.44653	15
96.54338	4.44653	15
96.55338	4.44653	15
97.51338	4.44653	15
97.52338	4.44653	15
96.55338	4.43653	15
96.56338	4.43653	15
97.52338	4.43653	15
96.56338	4.42653	15
96.57338	4.42653	15
96.58338	4.42653	15
97.52338	4.42653	15
96.58338	4.41653	15
96.59338	4.41653	15
97.52338	4.41653	15
96.59338	4.40653	15
96.60338	4.40653	15
96.61338	4.40653	15
97.52338	4.40653	15
96.61338	4.39653	15
96.62338	4.39653	15
96.63338	4.39653	15
97.52338	4.39653	15
96.63338	4.38653	15
96.64338	4.38653	15
97.52338	4.38653	15
97.52338	4.37653	15
97.52338	4.36653	15
97.53338	4.36653	15
97.53338	4.35653	15
97.53338	4.34653	15
97.53338	4.33653	15
97.53338	4.32653	15
96.73338	4.31653	15
96.74338	4.31653	15
96.75338	4.31653	15
97.53338	4.31653	15
96.70338	4.30653	15
96.71338	4.30653	15
96.72338	4.30653	15
96.73338	4.30653	15
96.75338	4.30653	15
96.76338	4.30653	15
96.77338	4.30653	15
96.78338	4.30653	15
96.79338	4.30653	15
97.53338	4.30653	15
97.54338	4.30653	15
96.67338	4.29653	15
96.68338	4.29653	15
96.69338	4.29653	15
96.70338	4.29653	15
96.79338	4.29653	15
96.80338	4.29653	15
96.81338	4.29653	15
96.82338	4.29653	15
97.54338	4.29653	15
96.62338	4.28653	15
96.63338	4.28653	15
96.64338	4.28653	15
96.65338	4.28653	15
96.66338	4.28653	15
96.67338	4.28653	15
96.82338	4.28653	15
96.83338	4.28653	15
97.54338	4.28653	15
96.61338	4.27653	15
96.62338	4.27653	15
96.83338	4.27653	15
96.84338	4.27653	15
97.54338	4.27653	15
97.55338	4.27653	15
96.84338	4.26653	15
97.55338	4.26653	15
96.84338	4.25653	15
96.85338	4.25653	15
97.03338	4.25653	15
97.55338	4.25653	15
96.85338	4.24653	15
96.86338	4.24653	15
97.03338	4.24653	15
97.04338	4.24653	15
97.05338	4.24653	15
97.55338	4.24653	15
96.86338	4.23653	15
96.87338	4.23653	15
97.05338	4.23653	15
97.55338	4.23653	15
97.56338	4.23653	15
96.87338	4.22653	15
96.88338	4.22653	15
97.05338	4.22653	15
97.06338	4.22653	15
97.07338	4.22653	15
97.56338	4.22653	15
96.88338	4.21653	15
96.89338	4.21653	15
96.90338	4.21653	15
96.91338	4.21653	15
97.07338	4.21653	15
97.08338	4.21653	15
97.09338	4.21653	15
97.56338	4.21653	15
97.57338	4.21653	15
96.91338	4.20653	15
96.92338	4.20653	15
97.09338	4.20653	15
97.10338	4.20653	15
97.57338	4.20653	15
96.92338	4.19653	15
96.93338	4.19653	15
96.94338	4.19653	15
97.10338	4.19653	15
97.11338	4.19653	15
97.12338	4.19653	15
97.57338	4.19653	15
96.94338	4.18653	15
96.95338	4.18653	15
97.12338	4.18653	15
97.13338	4.18653	15
97.57338	4.18653	15
96.95338	4.17653	15
96.96338	4.17653	15
97.13338	4.17653	15
97.14338	4.17653	15
97.15338	4.17653	15
97.57338	4.17653	15
97.58338	4.17653	15
96.96338	4.16653	15
96.97338	4.16653	15
97.15338	4.16653	15
97.16338	4.16653	15
97.17338	4.16653	15
97.58338	4.16653	15
96.97338	4.15653	15
96.98338	4.15653	15
96.99338	4.15653	15
97.17338	4.15653	15
97.18338	4.15653	15
97.19338	4.15653	15
97.58338	4.15653	15
96.99338	4.14653	15
97.00338	4.14653	15
97.19338	4.14653	15
97.20338	4.14653	15
97.21338	4.14653	15
97.58338	4.14653	15
97.00338	4.13653	15
97.01338	4.13653	15
97.02338	4.13653	15
97.21338	4.13653	15
97.22338	4.13653	15
97.23338	4.13653	15
97.58338	4.13653	15
97.59338	4.13653	15
97.02338	4.12653	15
97.03338	4.12653	15
97.23338	4.12653	15
97.24338	4.12653	15
97.25338	4.12653	15
97.59338	4.12653	15
97.03338	4.11653	15
97.04338	4.11653	15
97.25338	4.11653	15
97.26338	4.11653	15
97.59338	4.11653	15
96.56338	4.10653	15
97.04338	4.10653	15
97.05338	4.10653	15
97.06338	4.10653	15
97.26338	4.10653	15
97.27338	4.10653	15
97.58338	4.10653	15
97.59338	4.10653	15
96.56338	4.09653	15
96.57338	4.09653	15
97.06338	4.09653	15
97.07338	4.09653	15
97.27338	4.09653	15
97.28338	4.09653	15
97.58338	4.09653	15
96.57338	4.08653	15
97.07338	4.08653	15
97.08338	4.08653	15
97.09338	4.08653	15
97.28338	4.08653	15
97.29338	4.08653	15
97.30338	4.08653	15
97.58338	4.08653	15
96.57338	4.07653	15
96.58338	4.07653	15
97.09338	4.07653	15
97.10338	4.07653	15
97.11338	4.07653	15
97.30338	4.07653	15
97.31338	4.07653	15
97.58338	4.07653	15
96.58338	4.06653	15
97.11338	4.06653	15
97.12338	4.06653	15
97.13338	4.06653	15
97.31338	4.06653	15
97.32338	4.06653	15
97.58338	4.06653	15
96.58338	4.05653	15
96.59338	4.05653	15
97.13338	4.05653	15
97.14338	4.05653	15
97.32338	4.05653	15
97.33338	4.05653	15
97.58338	4.05653	15
96.59338	4.04653	15
96.60338	4.04653	15
97.14338	4.04653	15
97.15338	4.04653	15
97.33338	4.04653	15
97.34338	4.04653	15
97.35338	4.04653	15
97.58338	4.04653	15
97.59338	4.04653	15
96.60338	4.03653	15
97.15338	4.03653	15
97.16338	4.03653	15
97.17338	4.03653	15
97.35338	4.03653	15
97.36338	4.03653	15
97.59338	4.03653	15
96.60338	4.02653	15
96.61338	4.02653	15
97.17338	4.02653	15
97.18338	4.02653	15
97.19338	4.02653	15
97.36338	4.02653	15
97.37338	4.02653	15
97.59338	4.02653	15
97.60338	4.02653	15
96.61338	4.01653	15
96.62338	4.01653	15
97.19338	4.01653	15
97.20338	4.01653	15
97.21338	4.01653	15
97.22338	4.01653	15
97.37338	4.01653	15
97.38338	4.01653	15
97.60338	4.01653	15
97.61338	4.01653	15
96.62338	4.00653	15
97.22338	4.00653	15
97.23338	4.00653	15
97.38338	4.00653	15
97.39338	4.00653	15
97.61338	4.00653	15
96.62338	3.99653	15
96.63338	3.99653	15
97.23338	3.99653	15
97.24338	3.99653	15
97.25338	3.99653	15
97.39338	3.99653	15
97.40338	3.99653	15
96.63338	3.98653	15
97.25338	3.98653	15
97.26338	3.98653	15
97.27338	3.98653	15
97.40338	3.98653	15
97.41338	3.98653	15
96.63338	3.97653	15
96.64338	3.97653	15
97.27338	3.97653	15
97.28338	3.97653	15
97.41338	3.97653	15
97.42338	3.97653	15
97.43338	3.97653	15
96.64338	3.96653	15
96.65338	3.96653	15
97.28338	3.96653	15
97.29338	3.96653	15
97.30338	3.96653	15
97.43338	3.96653	15
97.44338	3.96653	15
96.65338	3.95653	15
96.66338	3.95653	15
97.30338	3.95653	15
97.31338	3.95653	15
97.32338	3.95653	15
97.44338	3.95653	15
97.45338	3.95653	15
97.46338	3.95653	15
96.66338	3.94653	15
97.32338	3.94653	15
97.33338	3.94653	15
97.46338	3.94653	15
97.47338	3.94653	15
97.48338	3.94653	15
96.66338	3.93653	15
96.67338	3.93653	15
97.33338	3.93653	15
97.34338	3.93653	15
97.48338	3.93653	15
97.49338	3.93653	15
96.67338	3.92653	15
96.68338	3.92653	15
97.34338	3.92653	15
97.35338	3.92653	15
97.36338	3.92653	15
97.49338	3.92653	15
97.50338	3.92653	15
97.51338	3.92653	15
96.68338	3.91653	15
96.69338	3.91653	15
97.36338	3.91653	15
97.37338	3.91653	15
97.38338	3.91653	15
97.51338	3.91653	15
97.52338	3.91653	15
96.69338	3.90653	15
97.38338	3.90653	15
97.39338	3.90653	15
97.40338	3.90653	15
96.69338	3.89653	15
96.70338	3.89653	15
97.40338	3.89653	15
97.41338	3.89653	15
97.42338	3.89653	15
96.70338	3.88653	15
96.71338	3.88653	15
97.42338	3.88653	15
97.43338	3.88653	15
97.44338	3.88653	15
96.71338	3.87653	15
96.72338	3.87653	15
97.44338	3.87653	15
97.45338	3.87653	15
97.46338	3.87653	15
96.72338	3.86653	15
96.73338	3.86653	15
97.46338	3.86653	15
97.47338	3.86653	15
97.48338	3.86653	15
97.49338	3.86653	15
96.73338	3.85653	15
96.74338	3.85653	15
97.49338	3.85653	15
97.50338	3.85653	15
97.51338	3.85653	15
96.74338	3.84653	15
96.75338	3.84653	15
97.51338	3.84653	15
97.52338	3.84653	15
96.75338	3.83653	15
96.76338	3.83653	15
97.52338	3.83653	15
97.53338	3.83653	15
96.76338	3.82653	15
96.77338	3.82653	15
97.53338	3.82653	15
97.54338	3.82653	15
96.77338	3.81653	15
96.78338	3.81653	15
97.54338	3.81653	15
97.55338	3.81653	15
96.78338	3.80653	15
96.79338	3.80653	15
97.55338	3.80653	15
96.79338	3.79653	15
97.55338	3.79653	15
97.56338	3.79653	15
96.79338	3.78653	15
96.80338	3.78653	15
97.56338	3.78653	15
97.57338	3.78653	15
96.80338	3.77653	15
96.81338	3.77653	15
97.57338	3.77653	15
97.58338	3.77653	15
96.81338	3.76653	15
96.82338	3.76653	15
97.58338	3.76653	15
97.59338	3.76653	15
96.82338	3.75653	15
96.83338	3.75653	15
97.59338	3.75653	15
97.60338	3.75653	15
96.83338	3.74653	15
96.84338	3.74653	15
97.60338	3.74653	15
96.84338	3.73653	15
96.85338	3.73653	15
97.60338	3.73653	15
97.61338	3.73653	15
96.85338	3.72653	15
96.86338	3.72653	15
97.61338	3.72653	15
97.62338	3.72653	15
96.86338	3.71653	15
96.87338	3.71653	15
97.62338	3.71653	15
97.63338	3.71653	15
96.87338	3.70653	15
96.88338	3.70653	15
97.63338	3.70653	15
97.64338	3.70653	15
96.88338	3.69653	15
96.89338	3.69653	15
97.64338	3.69653	15
97.65338	3.69653	15
96.89338	3.68653	15
96.90338	3.68653	15
97.65338	3.68653	15
96.90338	3.67653	15
97.65338	3.67653	15
97.66338	3.67653	15
96.90338	3.66653	15
96.91338	3.66653	15
97.66338	3.66653	15
97.67338	3.66653	15
96.91338	3.65653	15
96.92338	3.65653	15
97.67338	3.65653	15
97.68338	3.65653	15
96.92338	3.64653	15
97.68338	3.64653	15
97.69338	3.64653	15
97.69338	3.63653	15
97.70338	3.63653	15
97.70338	3.62653	15
97.71338	3.62653	15
97.71338	3.61653	15
97.72338	3.61653	15
97.72338	3.60653	15
97.73338	3.60653	15
97.73338	3.59653	15
97.73338	3.58653	15
97.74338	3.58653	15
97.74338	3.57653	15
97.75338	3.57653	15
97.75338	3.56653	15
97.76338	3.56653	15
97.76338	3.55653	15
97.77338	3.55653	15
97.77338	3.54653	15
97.77338	3.53653	15
97.78338	3.53653	15
97.78338	3.52653	15
97.79338	3.52653	15
97.79338	3.51653	15
97.80338	3.51653	15
97.80338	3.50653	15
97.81338	3.50653	15
97.81338	3.49653	15
97.81338	3.48653	15
97.82338	3.48653	15
97.82338	3.47653	15
97.83338	3.47653	15
97.83338	3.46653	15
97.84338	3.46653	15
97.84338	3.45653	15
97.84338	3.44653	15
97.85338	3.44653	15
97.85338	3.43653	15
97.86338	3.43653	15
97.86338	3.42653	15
97.87338	3.42653	15
97.87338	3.41653	15
97.88338	3.41653	15
97.88338	3.40653	15
97.88338	3.39653	15
97.89338	3.39653	15
97.89338	3.38653	15
97.90338	3.38653	15
97.90338	3.37653	15
97.91338	3.37653	15
97.91338	3.36653	15
97.91338	3.35653	15
97.92338	3.35653	15
97.92338	3.34653	15
97.93338	3.34653	15
97.93338	3.33653	15
97.93338	3.32653	15
97.94338	3.32653	15
97.94338	3.31653	15
97.95338	3.31653	15
97.95338	3.30653	15
97.95338	3.29653	15
97.96338	3.29653	15
97.96338	3.28653	15
97.97338	3.28653	15
97.97338	3.27653	15
97.97338	3.26653	15
97.98338	3.26653	15
97.98338	3.25653	15
97.99338	3.25653	15
97.99338	3.24653	15
97.99338	3.23653	15
98.00338	3.23653	15
98.00338	3.22653	15
98.01338	3.22653	15
98.01338	3.21653	15
98.02338	3.21653	15
98.02338	3.20653	15
98.02338	3.19653	15
98.03338	3.19653	15
98.03338	3.18653	15
98.03338	3.17653	15
98.04338	3.17653	15
98.04338	3.16653	15
98.05338	3.16653	15
98.05338	3.15653	15
98.05338	3.14653	15
98.06338	3.14653	15
98.06338	3.13653	15
98.07338	3.13653	15
98.07338	3.12653	15
98.07338	3.11653	15
98.08338	3.11653	15
98.08338	3.10653	15
98.09338	3.10653	15
98.09338	3.09653	15
98.09338	3.08653	15
98.10338	3.08653	15
98.10338	3.07653	15
98.11338	3.07653	15
98.11338	3.06653	15
98.11338	3.05653	15
98.12338	3.05653	15
98.12338	3.04653	15
98.13338	3.04653	15
98.13338	3.03653	15
98.14338	3.03653	15
98.14338	3.02653	15
98.14338	3.01653	15
98.15338	3.01653	15
98.15338	3.00653	15
98.16338	3.00653	15
98.16338	2.99653	15
98.16338	2.98653	15
98.17338	2.98653	15
98.17338	2.97653	15
98.18338	2.97653	15
98.18338	2.96653	15
98.19338	2.96653	15
98.19338	2.95653	15
98.19338	2.94653	15
98.20338	2.94653	15
98.20338	2.93653	15
98.21338	2.93653	15
98.21338	2.92653	15
98.22338	2.92653	15
98.22338	2.91653	15
98.23338	2.91653	15
98.23338	2.90653	15
98.23338	2.89653	15
98.24338	2.89653	15
98.52338	2.89653	15
98.53338	2.89653	15
98.54338	2.89653	15
98.55338	2.89653	15
98.56338	2.89653	15
98.57338	2.89653	15
98.58338	2.89653	15
98.24338	2.88653	15
98.25338	2.88653	15
98.58338	2.88653	15
98.59338	2.88653	15
98.60338	2.88653	15
98.61338	2.88653	15
98.62338	2.88653	15
98.63338	2.88653	15
98.25338	2.87653	15
98.26338	2.87653	15
98.63338	2.87653	15
98.64338	2.87653	15
98.65338	2.87653	15
98.26338	2.86653	15
98.65338	2.86653	15
98.66338	2.86653	15
98.67338	2.86653	15
98.68338	2.86653	15
98.26338	2.85653	15
98.27338	2.85653	15
98.68338	2.85653	15
98.69338	2.85653	15
98.70338	2.85653	15
98.27338	2.84653	15
98.28338	2.84653	15
98.70338	2.84653	15
98.71338	2.84653	15
98.72338	2.84653	15
98.28338	2.83653	15
98.29338	2.83653	15
98.72338	2.83653	15
98.73338	2.83653	15
98.74338	2.83653	15
98.29338	2.82653	15
98.30338	2.82653	15
98.74338	2.82653	15
98.75338	2.82653	15
98.30338	2.81653	15
98.31338	2.81653	15
98.75338	2.81653	15
98.76338	2.81653	15
98.77338	2.81653	15
98.31338	2.80653	15
98.32338	2.80653	15
98.77338	2.80653	15
98.78338	2.80653	15
98.32338	2.79653	15
98.33338	2.79653	15
98.78338	2.79653	15
98.79338	2.79653	15
98.80338	2.79653	15
98.33338	2.78653	15
98.34338	2.78653	15
98.80338	2.78653	15
98.81338	2.78653	15
98.34338	2.77653	15
98.35338	2.77653	15
98.81338	2.77653	15
98.82338	2.77653	15
98.35338	2.76653	15
98.82338	2.76653	15
98.83338	2.76653	15
98.84338	2.76653	15
98.35338	2.75653	15
98.36338	2.75653	15
98.84338	2.75653	15
98.85338	2.75653	15
98.36338	2.74653	15
98.37338	2.74653	15
98.85338	2.74653	15
98.86338	2.74653	15
98.37338	2.73653	15
98.38338	2.73653	15
98.86338	2.73653	15
98.87338	2.73653	15
98.38338	2.72653	15
98.39338	2.72653	15
98.87338	2.72653	15
98.88338	2.72653	15
98.89338	2.72653	15
98.39338	2.71653	15
98.40338	2.71653	15
98.89338	2.71653	15
98.90338	2.71653	15
98.40338	2.70653	15
98.41338	2.70653	15
98.90338	2.70653	15
98.91338	2.70653	15
98.41338	2.69653	15
98.42338	2.69653	15
98.91338	2.69653	15
98.92338	2.69653	15
98.42338	2.68653	15
98.43338	2.68653	15
98.92338	2.68653	15
98.93338	2.68653	15
98.43338	2.67653	15
98.44338	2.67653	15
98.93338	2.67653	15
98.94338	2.67653	15
98.95338	2.67653	15
98.44338	2.66653	15
98.45338	2.66653	15
98.95338	2.66653	15
98.96338	2.66653	15
98.45338	2.65653	15
98.46338	2.65653	15
98.96338	2.65653	15
98.97338	2.65653	15
98.46338	2.64653	15
98.47338	2.64653	15
98.97338	2.64653	15
98.98338	2.64653	15
98.47338	2.63653	15
98.98338	2.63653	15
98.99338	2.63653	15
98.47338	2.62653	15
98.48338	2.62653	15
98.99338	2.62653	15
99.00338	2.62653	15
99.01338	2.62653	15
98.48338	2.61653	15
98.49338	2.61653	15
99.01338	2.61653	15
99.02338	2.61653	15
98.49338	2.60653	15
98.50338	2.60653	15
99.02338	2.60653	15
99.03338	2.60653	15
98.50338	2.59653	15
98.51338	2.59653	15
99.03338	2.59653	15
99.04338	2.59653	15
98.51338	2.58653	15
98.52338	2.58653	15
99.04338	2.58653	15
99.05338	2.58653	15
99.06338	2.58653	15
98.52338	2.57653	15
99.06338	2.57653	15
99.07338	2.57653	15
98.52338	2.56653	15
98.53338	2.56653	15
99.07338	2.56653	15
99.08338	2.56653	15
98.53338	2.55653	15
98.54338	2.55653	15
99.08338	2.55653	15
99.09338	2.55653	15
99.10338	2.55653	15
98.54338	2.54653	15
98.55338	2.54653	15
99.10338	2.54653	15
99.11338	2.54653	15
98.55338	2.53653	15
98.56338	2.53653	15
99.11338	2.53653	15
99.12338	2.53653	15
98.56338	2.52653	15
98.57338	2.52653	15
99.12338	2.52653	15
99.13338	2.52653	15
98.57338	2.51653	15
98.58338	2.51653	15
99.13338	2.51653	15
99.14338	2.51653	15
98.58338	2.50653	15
98.59338	2.50653	15
99.14338	2.50653	15
99.15338	2.50653	15
98.59338	2.49653	15
98.60338	2.49653	15
99.15338	2.49653	15
99.16338	2.49653	15
99.17338	2.49653	15
98.60338	2.48653	15
98.61338	2.48653	15
99.17338	2.48653	15
99.18338	2.48653	15
98.61338	2.47653	15
98.62338	2.47653	15
99.18338	2.47653	15
99.19338	2.47653	15
98.62338	2.46653	15
99.19338	2.46653	15
99.20338	2.46653	15
98.62338	2.45653	15
98.63338	2.45653	15
99.20338	2.45653	15
99.21338	2.45653	15
98.63338	2.44653	15
98.64338	2.44653	15
99.21338	2.44653	15
99.22338	2.44653	15
99.23338	2.44653	15
98.64338	2.43653	15
98.65338	2.43653	15
99.23338	2.43653	15
99.24338	2.43653	15
98.65338	2.42653	15
98.66338	2.42653	15
99.24338	2.42653	15
99.25338	2.42653	15
98.66338	2.41653	15
98.67338	2.41653	15
98.67338	2.40653	15
98.68338	2.40653	15
98.68338	2.39653	15
98.68338	2.38653	15
98.69338	2.38653	15
98.69338	2.37653	15
98.70338	2.37653	15
98.70338	2.36653	15
98.71338	2.36653	15
98.71338	2.35653	15
98.71338	2.34653	15
98.72338	2.34653	15
98.72338	2.33653	15
98.73338	2.33653	15
98.73338	2.32653	15
98.74338	2.32653	15
98.74338	2.31653	15
98.75338	2.31653	15
98.75338	2.30653	15
98.75338	2.29653	15
98.76338	2.29653	15
98.76338	2.28653	15
98.77338	2.28653	15
98.77338	2.27653	15
98.78338	2.27653	15
98.78338	2.26653	15
98.15338	2.25653	15
98.16338	2.25653	15
98.17338	2.25653	15
98.78338	2.25653	15
98.79338	2.25653	15
98.17338	2.24653	15
98.18338	2.24653	15
98.19338	2.24653	15
98.79338	2.24653	15
98.80338	2.24653	15
98.19338	2.23653	15
98.20338	2.23653	15
98.80338	2.23653	15
98.81338	2.23653	15
98.20338	2.22653	15
98.21338	2.22653	15
98.22338	2.22653	15
98.81338	2.22653	15
98.82338	2.22653	15
98.22338	2.21653	15
98.23338	2.21653	15
98.24338	2.21653	15
98.82338	2.21653	15
98.83338	2.21653	15
98.24338	2.20653	15
98.25338	2.20653	15
98.83338	2.20653	15
98.84338	2.20653	15
98.25338	2.19653	15
98.26338	2.19653	15
98.27338	2.19653	15
98.84338	2.19653	15
98.85338	2.19653	15
98.27338	2.18653	15
98.28338	2.18653	15
98.85338	2.18653	15
98.86338	2.18653	15
98.28338	2.17653	15
98.29338	2.17653	15
98.86338	2.17653	15
98.29338	2.16653	15
98.30338	2.16653	15
98.86338	2.16653	15
98.87338	2.16653	15
98.30338	2.15653	15
98.31338	2.15653	15
98.87338	2.15653	15
98.88338	2.15653	15
98.88338	2.14653	15
98.89338	2.14653	15
98.89338	2.13653	15
98.90338	2.13653	15
98.90338	2.12653	15
98.91338	2.12653	15
98.91338	2.11653	15
98.37338	2.10653	15
98.91338	2.10653	15
98.92338	2.10653	15
98.37338	2.09653	15
98.38338	2.09653	15
98.92338	2.09653	15
98.93338	2.09653	15
98.38338	2.08653	15
98.39338	2.08653	15
98.40338	2.08653	15
98.41338	2.08653	15
98.93338	2.08653	15
98.94338	2.08653	15
98.41338	2.07653	15
98.42338	2.07653	15
98.43338	2.07653	15
98.44338	2.07653	15
98.45338	2.07653	15
98.94338	2.07653	15
98.95338	2.07653	15
98.45338	2.06653	15
98.46338	2.06653	15
98.47338	2.06653	15
98.48338	2.06653	15
98.49338	2.06653	15
98.50338	2.06653	15
98.95338	2.06653	15
98.50338	2.05653	15
98.51338	2.05653	15
98.52338	2.05653	15
98.53338	2.05653	15
98.54338	2.05653	15
98.55338	2.05653	15
98.56338	2.05653	15
98.57338	2.05653	15
98.58338	2.05653	15
98.95338	2.05653	15
98.96338	2.05653	15
98.58338	2.04653	15
98.59338	2.04653	15
98.60338	2.04653	15
98.61338	2.04653	15
98.96338	2.04653	15
98.97338	2.04653	15
98.61338	2.03653	15
98.62338	2.03653	15
98.63338	2.03653	15
98.64338	2.03653	15
98.97338	2.03653	15
98.64338	2.02653	15
98.65338	2.02653	15
98.66338	2.02653	15
98.67338	2.02653	15
98.97338	2.02653	15
98.98338	2.02653	15
98.67338	2.01653	15
98.68338	2.01653	15
98.69338	2.01653	15
98.70338	2.01653	15
98.98338	2.01653	15
98.99338	2.01653	15
98.70338	2.00653	15
98.71338	2.00653	15
98.72338	2.00653	15
98.73338	2.00653	15
98.74338	2.00653	15
98.75338	2.00653	15
98.76338	2.00653	15
98.99338	2.00653	15
98.99338	1.99653	15
99.00338	1.99653	15
99.00338	1.98653	15
99.00338	1.97653	15
99.01338	1.97653	15
99.01338	1.96653	15
99.01338	1.95653	15
99.02338	1.95653	15
99.02338	1.94653	15
99.02338	1.93653	15
99.03338	1.93653	15
99.03338	1.92653	15
99.03338	1.91653	15
99.04338	1.91653	15
99.04338	1.90653	15
99.05338	1.90653	15
99.05338	1.89653	15
99.05338	1.88653	15
99.06338	1.88653	15
99.06338	1.87653	15
99.06338	1.86653	15
99.07338	1.86653	15
99.07338	1.85653	15
99.07338	1.84653	15
99.08338	1.84653	15
99.08338	1.83653	15
99.09338	1.83653	15
99.09338	1.82653	15
99.09338	1.81653	15
99.10338	1.81653	15
99.10338	1.80653	15
99.11338	1.80653	15
99.11338	1.79653	15
99.11338	1.78653	15
99.12338	1.78653	15
99.12338	1.77653	15
99.13338	1.77653	15
99.13338	1.76653	15
99.14338	1.76653	15
99.14338	1.75653	15
99.14338	1.74653	15
99.15338	1.74653	15
99.15338	1.73653	15
99.16338	1.73653	15
99.16338	1.72653	15
99.16338	1.71653	15
99.17338	1.71653	15
99.17338	1.70653	15
99.17338	1.69653	15
99.18338	1.69653	15
99.18338	1.68653	15
99.19338	1.68653	15
99.19338	1.67653	15
99.19338	1.66653	15
99.20338	1.66653	15
99.20338	1.65653	15
99.21338	1.65653	15
99.21338	1.64653	15
99.21338	1.63653	15
99.22338	1.63653	15
99.22338	1.62653	15
99.23338	1.62653	15
99.23338	1.61653	15
99.24338	1.61653	15
99.24338	1.60653	15
99.24338	1.59653	15
99.25338	1.59653	15
99.25338	1.58653	15
99.26338	1.58653	15
99.26338	1.57653	15
98.73338	1.56653	15
99.26338	1.56653	15
99.27338	1.56653	15
98.73338	1.55653	15
98.74338	1.55653	15
99.27338	1.55653	15
98.74338	1.54653	15
98.75338	1.54653	15
99.27338	1.54653	15
99.28338	1.54653	15
98.75338	1.53653	15
99.22338	1.53653	15
99.28338	1.53653	15
99.29338	1.53653	15
98.75338	1.52653	15
98.76338	1.52653	15
99.22338	1.52653	15
99.29338	1.52653	15
98.76338	1.51653	15
98.77338	1.51653	15
99.22338	1.51653	15
99.23338	1.51653	15
99.29338	1.51653	15
99.30338	1.51653	15
98.77338	1.50653	15
98.78338	1.50653	15
99.23338	1.50653	15
99.24338	1.50653	15
99.30338	1.50653	15
99.31338	1.50653	15
98.78338	1.49653	15
98.79338	1.49653	15
99.24338	1.49653	15
99.31338	1.49653	15
98.79338	1.48653	15
98.80338	1.48653	15
99.24338	1.48653	15
99.25338	1.48653	15
99.31338	1.48653	15
99.32338	1.48653	15
99.25338	1.47653	15
99.26338	1.47653	15
99.32338	1.47653	15
99.33338	1.47653	15
99.26338	1.46653	15
99.33338	1.46653	15
99.26338	1.45653	15
99.27338	1.45653	15
99.33338	1.45653	15
99.34338	1.45653	15
99.27338	1.44653	15
99.34338	1.44653	15
99.35338	1.44653	15
99.27338	1.43653	15
99.28338	1.43653	15
99.35338	1.43653	15
99.36338	1.43653	15
99.28338	1.42653	15
99.29338	1.42653	15
99.36338	1.42653	15
99.29338	1.41653	15
99.36338	1.41653	15
99.37338	1.41653	15
99.29338	1.40653	15
99.30338	1.40653	15
99.37338	1.40653	15
99.38338	1.40653	15
99.30338	1.39653	15
99.38338	1.39653	15
99.30338	1.38653	15
99.31338	1.38653	15
99.38338	1.38653	15
99.39338	1.38653	15
99.31338	1.37653	15
99.39338	1.37653	15
99.40338	1.37653	15
99.31338	1.36653	15
99.32338	1.36653	15
99.40338	1.36653	15
98.96338	1.35653	15
99.32338	1.35653	15
99.40338	1.35653	15
99.41338	1.35653	15
98.96338	1.34653	15
98.97338	1.34653	15
99.32338	1.34653	15
99.33338	1.34653	15
99.41338	1.34653	15
99.42338	1.34653	15
98.97338	1.33653	15
98.98338	1.33653	15
99.33338	1.33653	15
99.42338	1.33653	15
98.98338	1.32653	15
99.33338	1.32653	15
99.34338	1.32653	15
99.42338	1.32653	15
99.43338	1.32653	15
98.98338	1.31653	15
98.99338	1.31653	15
99.00338	1.31653	15
99.34338	1.31653	15
99.43338	1.31653	15
99.44338	1.31653	15
99.00338	1.30653	15
99.01338	1.30653	15
99.34338	1.30653	15
99.35338	1.30653	15
99.44338	1.30653	15
99.01338	1.29653	15
99.02338	1.29653	15
99.35338	1.29653	15
99.44338	1.29653	15
99.45338	1.29653	15
99.02338	1.28653	15
99.03338	1.28653	15
99.04338	1.28653	15
99.08338	1.28653	15
99.35338	1.28653	15
99.36338	1.28653	15
99.45338	1.28653	15
99.46338	1.28653	15
99.04338	1.27653	15
99.05338	1.27653	15
99.06338	1.27653	15
99.08338	1.27653	15
99.09338	1.27653	15
99.36338	1.27653	15
99.46338	1.27653	15
99.06338	1.26653	15
99.07338	1.26653	15
99.08338	1.26653	15
99.09338	1.26653	15
99.10338	1.26653	15
99.36338	1.26653	15
99.37338	1.26653	15
99.46338	1.26653	15
99.47338	1.26653	15
99.10338	1.25653	15
99.37338	1.25653	15
99.47338	1.25653	15
99.48338	1.25653	15
99.10338	1.24653	15
99.11338	1.24653	15
99.37338	1.24653	15
99.48338	1.24653	15
99.11338	1.23653	15
99.12338	1.23653	15
99.37338	1.23653	15
99.38338	1.23653	15
99.48338	1.23653	15
99.49338	1.23653	15
99.12338	1.22653	15
99.13338	1.22653	15
99.38338	1.22653	15
99.49338	1.22653	15
99.50338	1.22653	15
99.13338	1.21653	15
99.16338	1.21653	15
99.38338	1.21653	15
99.39338	1.21653	15
99.50338	1.21653	15
99.51338	1.21653	15
99.13338	1.20653	15
99.14338	1.20653	15
99.16338	1.20653	15
99.39338	1.20653	15
99.51338	1.20653	15
99.14338	1.19653	15
99.16338	1.19653	15
99.39338	1.19653	15
99.51338	1.19653	15
99.52338	1.19653	15
99.53338	1.19653	15
99.14338	1.18653	15
99.15338	1.18653	15
99.16338	1.18653	15
99.17338	1.18653	15
99.39338	1.18653	15
99.53338	1.18653	15
99.54338	1.18653	15
99.15338	1.17653	15
99.16338	1.17653	15
99.17338	1.17653	15
99.18338	1.17653	15
99.39338	1.17653	15
99.54338	1.17653	15
99.55338	1.17653	15
99.56338	1.17653	15
99.16338	1.16653	15
99.17338	1.16653	15
99.18338	1.16653	15
99.19338	1.16653	15
99.39338	1.16653	15
99.40338	1.16653	15
99.56338	1.16653	15
99.57338	1.16653	15
99.17338	1.15653	15
99.19338	1.15653	15
99.20338	1.15653	15
99.40338	1.15653	15
99.57338	1.15653	15
99.58338	1.15653	15
99.17338	1.14653	15
99.18338	1.14653	15
99.19338	1.14653	15
99.20338	1.14653	15
99.21338	1.14653	15
99.40338	1.14653	15
99.58338	1.14653	15
99.59338	1.14653	15
99.19338	1.13653	15
99.20338	1.13653	15
99.21338	1.13653	15
99.22338	1.13653	15
99.40338	1.13653	15
99.59338	1.13653	15
99.60338	1.13653	15
99.20338	1.12653	15
99.22338	1.12653	15
99.23338	1.12653	15
99.40338	1.12653	15
99.60338	1.12653	15
99.61338	1.12653	15
99.20338	1.11653	15
99.21338	1.11653	15
99.23338	1.11653	15
99.40338	1.11653	15
99.41338	1.11653	15
99.61338	1.11653	15
99.62338	1.11653	15
99.20338	1.10653	15
99.21338	1.10653	15
99.23338	1.10653	15
99.41338	1.10653	15
99.62338	1.10653	15
99.63338	1.10653	15
99.21338	1.09653	15
99.41338	1.09653	15
99.63338	1.09653	15
99.64338	1.09653	15
99.21338	1.08653	15
99.41338	1.08653	15
99.64338	1.08653	15
99.65338	1.08653	15
99.21338	1.07653	15
99.22338	1.07653	15
99.41338	1.07653	15
99.42338	1.07653	15
99.65338	1.07653	15
99.22338	1.06653	15
99.23338	1.06653	15
99.42338	1.06653	15
99.65338	1.06653	15
99.66338	1.06653	15
99.23338	1.05653	15
99.42338	1.05653	15
99.66338	1.05653	15
99.67338	1.05653	15
99.23338	1.04653	15
99.24338	1.04653	15
99.42338	1.04653	15
99.43338	1.04653	15
99.67338	1.04653	15
99.68338	1.04653	15
99.24338	1.03653	15
99.25338	1.03653	15
99.43338	1.03653	15
99.68338	1.03653	15
99.69338	1.03653	15
99.25338	1.02653	15
99.26338	1.02653	15
99.43338	1.02653	15
99.69338	1.02653	15
99.70338	1.02653	15
99.43338	1.01653	15
99.44338	1.01653	15
99.70338	1.01653	15
99.44338	1.00653	15
99.70338	1.00653	15
99.71338	1.00653	15
99.44338	0.99653	15
99.71338	0.99653	15
99.72338	0.99653	15
99.44338	0.98653	15
99.45338	0.98653	15
99.72338	0.98653	15
99.73338	0.98653	15
99.45338	0.97653	15
99.73338	0.97653	15
99.45338	0.96653	15
99.46338	0.96653	15
99.73338	0.96653	15
99.74338	0.96653	15
99.46338	0.95653	15
99.74338	0.95653	15
99.75338	0.95653	15
99.46338	0.94653	15
99.75338	0.94653	15
99.76338	0.94653	15
99.46338	0.93653	15
99.47338	0.93653	15
99.76338	0.93653	15
99.47338	0.92653	15
99.76338	0.92653	15
99.77338	0.92653	15
99.47338	0.91653	15
99.48338	0.91653	15
99.77338	0.91653	15
99.78338	0.91653	15
99.48338	0.90653	15
99.78338	0.90653	15
99.79338	0.90653	15
99.48338	0.89653	15
99.79338	0.89653	15
99.80338	0.89653	15
99.48338	0.88653	15
99.49338	0.88653	15
99.80338	0.88653	15
99.81338	0.88653	15
99.49338	0.87653	15
99.81338	0.87653	15
99.82338	0.87653	15
99.49338	0.86653	15
99.50338	0.86653	15
99.82338	0.86653	15
99.83338	0.86653	15
99.50338	0.85653	15
99.83338	0.85653	15
99.84338	0.85653	15
99.50338	0.84653	15
99.84338	0.84653	15
99.85338	0.84653	15
99.50338	0.83653	15
99.51338	0.83653	15
99.85338	0.83653	15
99.86338	0.83653	15
99.51338	0.82653	15
99.86338	0.82653	15
99.87338	0.82653	15
99.51338	0.81653	15
99.52338	0.81653	15
99.87338	0.81653	15
99.88338	0.81653	15
99.52338	0.80653	15
99.88338	0.80653	15
99.89338	0.80653	15
99.52338	0.79653	15
99.53338	0.79653	15
99.89338	0.79653	15
99.90338	0.79653	15
99.53338	0.78653	15
99.90338	0.78653	15
99.91338	0.78653	15
99.53338	0.77653	15
99.54338	0.77653	15
99.91338	0.77653	15
99.92338	0.77653	15
99.54338	0.76653	15
99.92338	0.76653	15
99.93338	0.76653	15
99.54338	0.75653	15
99.55338	0.75653	15
99.93338	0.75653	15
99.94338	0.75653	15
99.55338	0.74653	15
99.94338	0.74653	15
99.95338	0.74653	15
99.55338	0.73653	15
99.56338	0.73653	15
99.95338	0.73653	15
99.96338	0.73653	15
99.56338	0.72653	15
99.96338	0.72653	15
99.97338	0.72653	15
99.56338	0.71653	15
99.57338	0.71653	15
99.97338	0.71653	15
99.98338	0.71653	15
99.57338	0.70653	15
99.98338	0.70653	15
99.99338	0.70653	15
99.57338	0.69653	15
99.58338	0.69653	15
99.99338	0.69653	15
99.58338	0.68653	15
99.99338	0.68653	15
100.00338	0.68653	15
99.58338	0.67653	15
99.59338	0.67653	15
100.00338	0.67653	15
100.01338	0.67653	15
99.59338	0.66653	15
99.60338	0.66653	15
100.01338	0.66653	15
100.02338	0.66653	15
99.60338	0.65653	15
100.02338	0.65653	15
99.60338	0.64653	15
99.61338	0.64653	15
100.02338	0.64653	15
100.03338	0.64653	15
99.61338	0.63653	15
99.62338	0.63653	15
99.63338	0.63653	15
100.03338	0.63653	15
99.63338	0.62653	15
99.64338	0.62653	15
100.03338	0.62653	15
99.64338	0.61653	15
99.65338	0.61653	15
100.03338	0.61653	15
100.04338	0.61653	15
99.65338	0.60653	15
99.66338	0.60653	15
99.67338	0.60653	15
100.04338	0.60653	15
99.67338	0.59653	15
99.68338	0.59653	15
100.04338	0.59653	15
100.05338	0.59653	15
99.68338	0.58653	15
99.69338	0.58653	15
100.05338	0.58653	15
99.69338	0.57653	15
99.70338	0.57653	15
99.71338	0.57653	15
100.05338	0.57653	15
100.06338	0.57653	15
99.71338	0.56653	15
99.72338	0.56653	15
100.06338	0.56653	15
99.72338	0.55653	15
99.73338	0.55653	15
100.06338	0.55653	15
99.73338	0.54653	15
99.74338	0.54653	15
100.06338	0.54653	15
100.07338	0.54653	15
99.74338	0.53653	15
99.75338	0.53653	15
99.76338	0.53653	15
100.07338	0.53653	15
99.76338	0.52653	15
99.77338	0.52653	15
100.07338	0.52653	15
99.77338	0.51653	15
99.78338	0.51653	15
100.07338	0.51653	15
99.78338	0.50653	15
99.79338	0.50653	15
99.80338	0.50653	15
100.07338	0.50653	15
100.08338	0.50653	15
99.80338	0.49653	15
99.81338	0.49653	15
99.82338	0.49653	15
100.08338	0.49653	15
99.82338	0.48653	15
99.83338	0.48653	15
100.08338	0.48653	15
99.83338	0.47653	15
99.84338	0.47653	15
100.08338	0.47653	15
100.09338	0.47653	15
99.84338	0.46653	15
99.85338	0.46653	15
99.86338	0.46653	15
100.09338	0.46653	15
99.86338	0.45653	15
99.87338	0.45653	15
100.09338	0.45653	15
99.87338	0.44653	15
99.88338	0.44653	15
100.09338	0.44653	15
99.88338	0.43653	15
99.89338	0.43653	15
100.09338	0.43653	15
100.10338	0.43653	15
99.89338	0.42653	15
99.90338	0.42653	15
100.10338	0.42653	15
99.90338	0.41653	15
99.91338	0.41653	15
100.10338	0.41653	15
99.91338	0.40653	15
99.92338	0.40653	15
100.10338	0.40653	15
100.11338	0.40653	15
99.92338	0.39653	15
99.93338	0.39653	15
100.11338	0.39653	15
99.93338	0.38653	15
99.94338	0.38653	15
100.11338	0.38653	15
99.94338	0.37653	15
99.95338	0.37653	15
100.11338	0.37653	15
99.95338	0.36653	15
99.96338	0.36653	15
100.11338	0.36653	15
99.96338	0.35653	15
99.97338	0.35653	15
100.11338	0.35653	15
99.97338	0.34653	15
99.98338	0.34653	15
100.11338	0.34653	15
99.98338	0.33653	15
100.11338	0.33653	15
100.11338	0.32653	15
100.11338	0.31653	15
100.11338	0.30653	15
100.11338	0.29653	15
100.11338	0.28653	15
100.11338	0.27653	15
100.11338	0.26653	15
100.11338	0.25653	15
100.12338	0.25653	15
100.12338	0.24653	15
100.12338	0.23653	15
100.13338	0.23653	15
100.13338	0.22653	15
100.13338	0.21653	15
100.14338	0.21653	15
100.14338	0.20653	15
100.14338	0.19653	15
100.15338	0.19653	15
100.15338	0.18653	15
100.15338	0.17653	15
100.16338	0.17653	15
100.16338	0.16653	15
100.16338	0.15653	15
100.17338	0.15653	15
100.17338	0.14653	15
100.17338	0.13653	15
100.18338	0.13653	15
100.18338	0.12653	15
100.18338	0.11653	15
100.19338	0.11653	15
100.19338	0.10653	15
100.19338	0.09653	15
100.20338	0.09653	15
100.20338	0.08653	15
100.20338	0.07653	15
100.21338	0.07653	15
100.21338	0.06653	15
100.21338	0.05653	15
100.22338	0.05653	15
100.22338	0.04653	15
100.22338	0.03653	15
100.23338	0.03653	15
100.23338	0.02653	15
100.23338	0.01653	15
100.31338	-0.06347	15
100.32338	-0.06347	15
100.32338	-0.07347	15
100.32338	-0.08347	15
100.33338	-0.08347	15
100.33338	-0.09347	15
100.33338	-0.10347	15
100.34338	-0.10347	15
100.34338	-0.11347	15
100.34338	-0.12347	15
100.35338	-0.12347	15
100.35338	-0.13347	15
100.36338	-0.13347	15
100.36338	-0.14347	15
100.36338	-0.15347	15
100.37338	-0.15347	15
100.37338	-0.16347	15
100.37338	-0.17347	15
100.38338	-0.17347	15
100.38338	-0.18347	15
100.39338	-0.18347	15
100.27338	-0.19347	15
100.28338	-0.19347	15
100.39338	-0.19347	15
100.28338	-0.20347	15
100.29338	-0.20347	15
100.39338	-0.20347	15
100.40338	-0.20347	15
100.29338	-0.21347	15
100.29338	-0.22347	15
100.30338	-0.22347	15
100.33338	-0.22347	15
100.30338	-0.23347	15
100.33338	-0.23347	15
100.34338	-0.23347	15
100.30338	-0.24347	15
100.31338	-0.24347	15
100.34338	-0.24347	15
100.31338	-0.25347	15
100.32338	-0.25347	15
100.34338	-0.25347	15
100.35338	-0.25347	15
100.32338	-0.26347	15
100.35338	-0.26347	15
100.32338	-0.27347	15
100.33338	-0.27347	15
100.35338	-0.27347	15
100.36338	-0.27347	15
100.33338	-0.28347	15
100.34338	-0.28347	15
100.34338	-0.29347	15
100.34338	-0.30347	15
100.35338	-0.30347	15
100.35338	-0.31347	15
100.36338	-0.31347	15
100.36338	-0.32347	15
100.36338	-0.33347	15
100.37338	-0.33347	15
100.37338	-0.34347	15
100.37338	-0.35347	15
100.38338	-0.35347	15
100.38338	-0.36347	15
100.39338	-0.36347	15
100.39338	-0.37347	15
100.39338	-0.38347	15
100.40338	-0.38347	15
100.40338	-0.39347	15
100.40338	-0.40347	15
100.41338	-0.40347	15
100.41338	-0.41347	15
100.41338	-0.42347	15
100.42338	-0.42347	15
100.42338	-0.43347	15
100.43338	-0.43347	15
100.43338	-0.44347	15
100.44338	-0.44347	15
100.44338	-0.45347	15
100.44338	-0.46347	15
100.45338	-0.46347	15
100.45338	-0.47347	15
100.46338	-0.47347	15
100.46338	-0.48347	15
100.46338	-0.49347	15
100.47338	-0.49347	15
100.47338	-0.50347	15
100.47338	-0.51347	15
100.48338	-0.51347	15
100.48338	-0.52347	15
100.49338	-0.52347	15
100.49338	-0.53347	15
100.49338	-0.54347	15
100.50338	-0.54347	15
100.50338	-0.55347	15
100.50338	-0.56347	15
100.51338	-0.56347	15
100.51338	-0.57347	15
100.51338	-0.58347	15
100.52338	-0.58347	15
100.52338	-0.59347	15
100.52338	-0.60347	15
100.53338	-0.60347	15
100.53338	-0.61347	15
100.53338	-0.62347	15
100.54338	-0.62347	15
100.54338	-0.63347	15
100.54338	-0.64347	15
100.55338	-0.64347	15
100.55338	-0.65347	15
100.55338	-0.66347	15
100.56338	-0.66347	15
100.56338	-0.67347	15
100.56338	-0.68347	15
100.57338	-0.68347	15
100.57338	-0.69347	15
100.57338	-0.70347	15
100.58338	-0.70347	15
100.58338	-0.71347	15
100.58338	-0.72347	15
100.59338	-0.72347	15
100.59338	-0.73347	15
100.60338	-0.73347	15
100.60338	-0.74347	15
100.60338	-0.75347	15
100.61338	-0.75347	15
100.61338	-0.76347	15
100.61338	-0.77347	15
100.62338	-0.77347	15
100.62338	-0.78347	15
100.62338	-0.79347	15
100.63338	-0.79347	15
100.63338	-0.80347	15
100.63338	-0.81347	15
100.64338	-0.81347	15
100.64338	-0.82347	15
100.64338	-0.83347	15
100.65338	-0.83347	15
100.65338	-0.84347	15
100.65338	-0.85347	15
100.66338	-0.85347	15
100.66338	-0.86347	15
100.66338	-0.87347	15
100.66338	-0.88347	15
100.67338	-0.88347	15
100.67338	-0.89347	15
100.67338	-0.90347	15
100.68338	-0.90347	15
100.68338	-0.91347	15
100.68338	-0.92347	15
100.69338	-0.92347	15
100.69338	-0.93347	15
100.69338	-0.94347	15
100.70338	-0.94347	15
100.70338	-0.95347	15
100.70338	-0.96347	15
100.71338	-0.96347	15
100.71338	-0.97347	15
100.72338	-0.97347	15
100.72338	-0.98347	15
100.72338	-0.99347	15
100.72338	-1.00347	15
100.73338	-1.00347	15
100.62338	-1.01347	15
100.63338	-1.01347	15
100.64338	-1.01347	15
100.65338	-1.01347	15
100.73338	-1.01347	15
100.65338	-1.02347	15
100.66338	-1.02347	15
100.67338	-1.02347	15
100.73338	-1.02347	15
100.74338	-1.02347	15
100.67338	-1.03347	15
100.68338	-1.03347	15
100.69338	-1.03347	15
100.74338	-1.03347	15
100.69338	-1.04347	15
100.70338	-1.04347	15
100.74338	-1.04347	15
100.75338	-1.04347	15
100.70338	-1.05347	15
100.71338	-1.05347	15
100.72338	-1.05347	15
100.75338	-1.05347	15
100.72338	-1.06347	15
100.73338	-1.06347	15
100.75338	-1.06347	15
100.76338	-1.06347	15
100.73338	-1.07347	15
100.74338	-1.07347	15
100.76338	-1.07347	15
100.77338	-1.07347	15
100.74338	-1.08347	15
100.75338	-1.08347	15
100.77338	-1.08347	15
100.75338	-1.09347	15
100.76338	-1.09347	15
100.77338	-1.09347	15
100.78338	-1.09347	15
100.76338	-1.10347	15
100.77338	-1.10347	15
100.78338	-1.10347	15
100.79338	-1.10347	15
100.77338	-1.11347	15
100.78338	-1.11347	15
100.79338	-1.11347	15
100.78338	-1.12347	15
100.79338	-1.12347	15
100.79338	-1.13347	15
100.80338	-1.13347	15
100.80338	-1.14347	15
100.81338	-1.14347	15
100.81338	-1.15347	15
100.82338	-1.15347	15
100.82338	-1.16347	15
100.83338	-1.16347	15
100.83338	-1.17347	15
100.84338	-1.17347	15
100.84338	-1.18347	15
100.85338	-1.18347	15
100.85338	-1.19347	15
100.85338	-1.20347	15
100.86338	-1.20347	15
100.86338	-1.21347	15
100.87338	-1.21347	15
100.87338	-1.22347	15
100.88338	-1.22347	15
100.88338	-1.23347	15
100.89338	-1.23347	15
100.89338	-1.24347	15
100.89338	-1.25347	15
100.90338	-1.25347	15
100.90338	-1.26347	15
100.91338	-1.26347	15
100.91338	-1.27347	15
100.91338	-1.28347	15
100.92338	-1.28347	15
100.92338	-1.29347	15
100.93338	-1.29347	15
100.93338	-1.30347	15
100.93338	-1.31347	15
100.94338	-1.31347	15
100.94338	-1.32347	15
100.95338	-1.32347	15
100.95338	-1.33347	15
100.96338	-1.33347	15
100.96338	-1.34347	15
100.97338	-1.34347	15
100.97338	-1.35347	15
100.97338	-1.36347	15
100.98338	-1.36347	15
100.98338	-1.37347	15
100.99338	-1.37347	15
100.99338	-1.38347	15
100.99338	-1.39347	15
101.00338	-1.39347	15
101.00338	-1.40347	15
101.00338	-1.41347	15
101.01338	-1.41347	15
101.01338	-1.42347	15
101.02338	-1.42347	15
101.02338	-1.43347	15
101.02338	-1.44347	15
101.03338	-1.44347	15
101.03338	-1.45347	15
101.04338	-1.45347	15
101.04338	-1.46347	15
101.04338	-1.47347	15
101.05338	-1.47347	15
101.05338	-1.48347	15
101.06338	-1.48347	15
101.06338	-1.49347	15
101.06338	-1.50347	15
101.07338	-1.50347	15
101.07338	-1.51347	15
101.07338	-1.52347	15
101.08338	-1.52347	15
101.08338	-1.53347	15
101.08338	-1.54347	15
101.09338	-1.54347	15
101.09338	-1.55347	15
101.09338	-1.56347	15
101.10338	-1.56347	15
101.10338	-1.57347	15
101.10338	-1.58347	15
101.11338	-1.58347	15
101.11338	-1.59347	15
101.11338	-1.60347	15
101.12338	-1.60347	15
101.12338	-1.61347	15
101.12338	-1.62347	15
101.13338	-1.62347	15
101.13338	-1.63347	15
101.13338	-1.64347	15
101.14338	-1.64347	15
101.14338	-1.65347	15
101.14338	-1.66347	15
101.15338	-1.66347	15
101.15338	-1.67347	15
101.15338	-1.68347	15
101.16338	-1.68347	15
101.16338	-1.69347	15
101.17338	-1.69347	15
101.17338	-1.70347	15
101.17338	-1.71347	15
101.18338	-1.71347	15
101.18338	-1.72347	15
101.19338	-1.72347	15
101.19338	-1.73347	15
101.19338	-1.74347	15
101.20338	-1.74347	15
101.20338	-1.75347	15
101.21338	-1.75347	15
101.21338	-1.76347	15
101.21338	-1.77347	15
101.22338	-1.77347	15
101.22338	-1.78347	15
101.23338	-1.78347	15
101.23338	-1.79347	15
101.23338	-1.80347	15
101.24338	-1.80347	15
101.24338	-1.81347	15
101.24338	-1.82347	15
101.25338	-1.82347	15
101.25338	-1.83347	15
101.26338	-1.83347	15
101.26338	-1.84347	15
101.26338	-1.85347	15
101.27338	-1.85347	15
101.27338	-1.86347	15
101.28338	-1.86347	15
101.28338	-1.87347	15
101.28338	-1.88347	15
101.29338	-1.88347	15
101.29338	-1.89347	15
101.30338	-1.89347	15
101.30338	-1.90347	15
101.30338	-1.91347	15
101.31338	-1.91347	15
101.31338	-1.92347	15
101.32338	-1.92347	15
101.32338	-1.93347	15
101.33338	-1.93347	15
101.33338	-1.94347	15
101.34338	-1.94347	15
101.34338	-1.95347	15
101.35338	-1.95347	15
101.35338	-1.96347	15
101.35338	-1.97347	15
101.36338	-1.97347	15
101.36338	-1.98347	15
101.36338	-1.99347	15
101.37338	-1.99347	15
101.37338	-2.00347	15
101.37338	-2.01347	15
101.38338	-2.01347	15
101.38338	-2.02347	15
101.38338	-2.03347	15
101.39338	-2.03347	15
101.39338	-2.04347	15
101.39338	-2.05347	15
101.40338	-2.05347	15
101.40338	-2.06347	15
101.40338	-2.07347	15
101.41338	-2.07347	15
101.41338	-2.08347	15
101.41338	-2.09347	15
101.42338	-2.09347	15
101.42338	-2.10347	15
101.42338	-2.11347	15
101.43338	-2.11347	15
101.43338	-2.12347	15
101.43338	-2.13347	15
101.44338	-2.13347	15
101.44338	-2.14347	15
101.45338	-2.14347	15
101.45338	-2.15347	15
101.46338	-2.15347	15
101.46338	-2.16347	15
101.46338	-2.17347	15
101.47338	-2.17347	15
101.47338	-2.18347	15
101.48338	-2.18347	15
101.48338	-2.19347	15
101.48338	-2.20347	15
101.49338	-2.20347	15
101.49338	-2.21347	15
101.50338	-2.21347	15
101.50338	-2.22347	15
101.50338	-2.23347	15
101.51338	-2.23347	15
101.51338	-2.24347	15
101.52338	-2.24347	15
101.52338	-2.25347	15
101.53338	-2.25347	15
101.53338	-2.26347	15
101.53338	-2.27347	15
101.54338	-2.27347	15
101.54338	-2.28347	15
101.55338	-2.28347	15
101.55338	-2.29347	15
101.55338	-2.30347	15
101.56338	-2.30347	15
101.56338	-2.31347	15
101.56338	-2.32347	15
101.57338	-2.32347	15
101.57338	-2.33347	15
101.58338	-2.33347	15
101.58338	-2.34347	15
101.58338	-2.35347	15
101.59338	-2.35347	15
101.59338	-2.36347	15
101.60338	-2.36347	15
101.60338	-2.37347	15
101.60338	-2.38347	15
101.61338	-2.38347	15
101.61338	-2.39347	15
101.61338	-2.40347	15
101.62338	-2.40347	15
101.62338	-2.41347	15
101.62338	-2.42347	15
101.63338	-2.42347	15
101.63338	-2.43347	15
101.63338	-2.44347	15
101.64338	-2.44347	15
101.64338	-2.45347	15
101.64338	-2.46347	15
101.64338	-2.47347	15
101.65338	-2.47347	15
101.65338	-2.48347	15
101.66338	-2.48347	15
101.66338	-2.49347	15
101.67338	-2.49347	15
101.67338	-2.50347	15
101.68338	-2.50347	15
101.68338	-2.51347	15
101.69338	-2.51347	15
101.69338	-2.52347	15
101.70338	-2.52347	15
101.70338	-2.53347	15
101.70338	-2.54347	15
101.71338	-2.54347	15
101.71338	-2.55347	15
101.72338	-2.55347	15
101.72338	-2.56347	15
101.73338	-2.56347	15
101.73338	-2.57347	15
101.74338	-2.57347	15
101.74338	-2.58347	15
101.75338	-2.58347	15
101.75338	-2.59347	15
101.76338	-2.59347	15
101.77338	-2.59347	15
101.78338	-2.59347	15
101.76338	-2.60347	15
101.77338	-2.60347	15
101.78338	-2.60347	15
101.79338	-2.60347	15
101.80338	-2.60347	15
101.81338	-2.60347	15
101.82338	-2.60347	15
101.78338	-2.61347	15
101.79338	-2.61347	15
101.82338	-2.61347	15
101.83338	-2.61347	15
101.84338	-2.61347	15
101.85338	-2.61347	15
101.86338	-2.61347	15
101.87338	-2.61347	15
101.88338	-2.61347	15
101.79338	-2.62347	15
101.80338	-2.62347	15
101.80338	-2.63347	15
101.81338	-2.63347	15
101.81338	-2.64347	15
101.82338	-2.64347	15
101.83338	-2.64347	15
101.83338	-2.65347	15
101.84338	-2.65347	15
101.84338	-2.66347	15
101.85338	-2.66347	15
101.85338	-2.67347	15
101.86338	-2.67347	15
101.86338	-2.68347	15
101.87338	-2.68347	15
101.88338	-2.68347	15
101.88338	-2.69347	15
101.89338	-2.69347	15
101.89338	-2.70347	15
101.90338	-2.70347	15
101.90338	-2.71347	15
101.91338	-2.71347	15
101.91338	-2.72347	15
101.92338	-2.72347	15
101.92338	-2.73347	15
101.93338	-2.73347	15
101.93338	-2.74347	15
101.94338	-2.74347	15
101.94338	-2.75347	15
101.95338	-2.75347	15
101.95338	-2.76347	15
101.95338	-2.77347	15
101.96338	-2.77347	15
101.96338	-2.78347	15
101.97338	-2.78347	15
101.97338	-2.79347	15
101.98338	-2.79347	15
101.98338	-2.80347	15
101.99338	-2.80347	15
101.99338	-2.81347	15
102.00338	-2.81347	15
102.00338	-2.82347	15
102.01338	-2.82347	15
102.01338	-2.83347	15
102.01338	-2.84347	15
102.02338	-2.84347	15
102.02338	-2.85347	15
102.03338	-2.85347	15
102.03338	-2.86347	15
102.04338	-2.86347	15
102.04338	-2.87347	15
102.05338	-2.87347	15
102.05338	-2.88347	15
102.06338	-2.88347	15
102.06338	-2.89347	15
102.06338	-2.90347	15
102.07338	-2.90347	15
102.07338	-2.91347	15
102.08338	-2.91347	15
102.08338	-2.92347	15
102.09338	-2.92347	15
102.09338	-2.93347	15
102.10338	-2.93347	15
102.10338	-2.94347	15
102.11338	-2.94347	15
102.11338	-2.95347	15
102.11338	-2.96347	15
102.12338	-2.96347	15
102.12338	-2.97347	15
102.13338	-2.97347	15
102.13338	-2.98347	15
102.14338	-2.98347	15
102.14338	-2.99347	15
102.15338	-2.99347	15
102.15338	-3.00347	15
102.16338	-3.00347	15
102.16338	-3.01347	15
102.16338	-3.02347	15
102.17338	-3.02347	15
102.17338	-3.03347	15
102.18338	-3.03347	15
102.18338	-3.04347	15
102.19338	-3.04347	15
102.19338	-3.05347	15
102.20338	-3.05347	15
102.20338	-3.06347	15
102.21338	-3.06347	15
102.21338	-3.07347	15
102.21338	-3.08347	15
102.22338	-3.08347	15
102.22338	-3.09347	15
102.23338	-3.09347	15
102.23338	-3.10347	15
102.24338	-3.10347	15
102.24338	-3.11347	15
102.25338	-3.11347	15
102.25338	-3.12347	15
102.26338	-3.12347	15
102.26338	-3.13347	15
102.26338	-3.14347	15
102.27338	-3.14347	15
102.27338	-3.15347	15
102.28338	-3.15347	15
102.28338	-3.16347	15
102.29338	-3.16347	15
102.29338	-3.17347	15
102.30338	-3.17347	15
102.30338	-3.18347	15
102.31338	-3.18347	15
102.31338	-3.19347	15
102.32338	-3.19347	15
102.32338	-3.20347	15
102.32338	-3.21347	15
102.33338	-3.21347	15
102.34338	-3.21347	15
102.34338	-3.22347	15
102.35338	-3.22347	15
102.35338	-3.23347	15
102.36338	-3.23347	15
102.36338	-3.24347	15
102.37338	-3.24347	15
102.37338	-3.25347	15
102.38338	-3.25347	15
102.38338	-3.26347	15
102.39338	-3.26347	15
102.39338	-3.27347	15
102.40338	-3.27347	15
102.40338	-3.28347	15
102.41338	-3.28347	15
102.41338	-3.29347	15
102.42338	-3.29347	15
102.42338	-3.30347	15
102.43338	-3.30347	15
102.43338	-3.31347	15
102.44338	-3.31347	15
102.44338	-3.32347	15
102.45338	-3.32347	15
102.46338	-3.32347	15
102.46338	-3.33347	15
102.47338	-3.33347	15
102.47338	-3.34347	15
102.48338	-3.34347	15
102.49338	-3.34347	15
102.49338	-3.35347	15
102.50338	-3.35347	15
102.50338	-3.36347	15
102.51338	-3.36347	15
102.52338	-3.36347	15
102.52338	-3.37347	15
102.53338	-3.37347	15
102.54338	-3.37347	15
102.54338	-3.38347	15
102.55338	-3.38347	15
102.55338	-3.39347	15
102.56338	-3.39347	15
102.46338	-3.51347	15
102.46338	-3.52347	15
102.47338	-3.52347	15
102.47338	-3.53347	15
102.48338	-3.53347	15
102.48338	-3.54347	15
102.49338	-3.54347	15
102.49338	-3.55347	15
102.50338	-3.55347	15
102.50338	-3.56347	15
102.51338	-3.56347	15
102.51338	-3.57347	15
102.52338	-3.57347	15
102.52338	-3.58347	15
102.53338	-3.58347	15
102.53338	-3.59347	15
102.53338	-3.60347	15
102.54338	-3.60347	15
102.54338	-3.61347	15
102.55338	-3.61347	15
102.55338	-3.62347	15
102.56338	-3.62347	15
102.56338	-3.63347	15
102.57338	-3.63347	15
102.57338	-3.64347	15
102.58338	-3.64347	15
102.58338	-3.65347	15
102.59338	-3.65347	15
102.59338	-3.66347	15
102.60338	-3.66347	15
102.60338	-3.67347	15
102.61338	-3.67347	15
102.61338	-3.68347	15
102.62338	-3.68347	15
102.62338	-3.69347	15
102.63338	-3.69347	15
102.63338	-3.70347	15
102.64338	-3.70347	15
102.64338	-3.71347	15
102.65338	-3.71347	15
102.65338	-3.72347	15
102.66338	-3.72347	15
102.66338	-3.73347	15
102.67338	-3.73347	15
102.67338	-3.74347	15
102.68338	-3.74347	15
102.68338	-3.75347	15
102.69338	-3.75347	15
102.69338	-3.76347	15
102.70338	-3.76347	15
102.70338	-3.77347	15
102.71338	-3.77347	15
102.71338	-3.78347	15
102.72338	-3.78347	15
102.72338	-3.79347	15
102.72338	-3.80347	15
102.73338	-3.80347	15
102.73338	-3.81347	15
102.74338	-3.81347	15
102.74338	-3.82347	15
102.75338	-3.82347	15
102.75338	-3.83347	15
102.76338	-3.83347	15
102.76338	-3.84347	15
102.76338	-3.85347	15
102.77338	-3.85347	15
102.77338	-3.86347	15
102.78338	-3.86347	15
102.78338	-3.87347	15
102.79338	-3.87347	15
102.79338	-3.88347	15
102.80338	-3.88347	15
102.80338	-3.89347	15
102.80338	-3.90347	15
102.81338	-3.90347	15
102.81338	-3.91347	15
102.82338	-3.91347	15
102.82338	-3.92347	15
102.83338	-3.92347	15
102.83338	-3.93347	15
102.84338	-3.93347	15
102.84338	-3.94347	15
102.84338	-3.95347	15
102.85338	-3.95347	15
102.85338	-3.96347	15
102.86338	-3.96347	15
102.86338	-3.97347	15
102.87338	-3.97347	15
102.87338	-3.98347	15
102.88338	-3.98347	15
102.88338	-3.99347	15
102.89338	-3.99347	15
102.89338	-4.00347	15
102.89338	-4.01347	15
102.90338	-4.01347	15
102.90338	-4.02347	15
102.91338	-4.02347	15
102.92338	-4.02347	15
102.92338	-4.03347	15
102.93338	-4.03347	15
102.93338	-4.04347	15
102.94338	-4.04347	15
102.94338	-4.05347	15
102.95338	-4.05347	15
102.95338	-4.06347	15
102.96338	-4.06347	15
102.96338	-4.07347	15
102.97338	-4.07347	15
102.97338	-4.08347	15
102.98338	-4.08347	15
102.99338	-4.08347	15
102.99338	-4.09347	15
103.00338	-4.09347	15
103.00338	-4.10347	15
103.01338	-4.10347	15
103.01338	-4.11347	15
103.02338	-4.11347	15
103.02338	-4.12347	15
103.03338	-4.12347	15
103.03338	-4.13347	15
103.04338	-4.13347	15
103.05338	-4.13347	15
103.05338	-4.14347	15
103.06338	-4.14347	15
103.06338	-4.15347	15
103.07338	-4.15347	15
103.07338	-4.16347	15
103.08338	-4.16347	15
103.48338	-4.47347	15
103.48338	-4.48347	15
103.49338	-4.48347	15
103.50338	-4.48347	15
103.50338	-4.49347	15
103.51338	-4.49347	15
103.52338	-4.49347	15
103.52338	-4.50347	15
103.53338	-4.50347	15
103.54338	-4.50347	15
103.54338	-4.51347	15
103.55338	-4.51347	15
103.56338	-4.51347	15
103.56338	-4.52347	15
103.57338	-4.52347	15
103.58338	-4.52347	15
103.58338	-4.53347	15
103.59338	-4.53347	15
103.60338	-4.53347	15
103.60338	-4.54347	15
103.61338	-4.54347	15
103.61338	-4.55347	15
103.62338	-4.55347	15
103.62338	-4.56347	15
103.63338	-4.56347	15
103.63338	-4.57347	15
103.64338	-4.57347	15
103.64338	-4.58347	15
103.65338	-4.58347	15
103.65338	-4.59347	15
103.66338	-4.59347	15
103.66338	-4.60347	15
103.67338	-4.60347	15
103.68338	-4.60347	15
103.68338	-4.61347	15
103.69338	-4.61347	15
103.69338	-4.62347	15
103.70338	-4.62347	15
103.70338	-4.63347	15
103.71338	-4.63347	15
103.71338	-4.64347	15
103.72338	-4.64347	15
103.72338	-4.65347	15
103.73338	-4.65347	15
103.73338	-4.66347	15
103.74338	-4.66347	15
103.74338	-4.67347	15
103.75338	-4.67347	15
103.76338	-4.67347	15
103.76338	-4.68347	15
103.77338	-4.68347	15
103.77338	-4.69347	15
103.78338	-4.69347	15
103.78338	-4.70347	15
103.79338	-4.70347	15
103.79338	-4.71347	15
103.80338	-4.71347	15
103.80338	-4.72347	15
103.81338	-4.72347	15
103.81338	-4.73347	15
103.82338	-4.73347	15
103.82338	-4.74347	15
103.83338	-4.74347	15
103.84338	-4.74347	15
103.84338	-4.75347	15
103.85338	-4.75347	15
103.85338	-4.76347	15
103.86338	-4.76347	15
103.86338	-4.77347	15
103.87338	-4.77347	15
103.87338	-4.78347	15
103.88338	-4.78347	15
103.88338	-4.79347	15
103.89338	-4.79347	15
103.89338	-4.80347	15
103.90338	-4.80347	15
103.90338	-4.81347	15
103.91338	-4.81347	15
103.91338	-4.82347	15
103.92338	-4.82347	15
103.92338	-4.83347	15
103.93338	-4.83347	15
103.94338	-4.83347	15
103.94338	-4.84347	15
103.95338	-4.84347	15
103.95338	-4.85347	15
103.96338	-4.85347	15
103.96338	-4.86347	15
103.97338	-4.86347	15
103.97338	-4.87347	15
103.98338	-4.87347	15
103.98338	-4.88347	15
103.99338	-4.88347	15
103.99338	-4.89347	15
104.00338	-4.89347	15
104.00338	-4.90347	15
104.01338	-4.90347	15
104.01338	-4.91347	15
104.02338	-4.91347	15
104.02338	-4.92347	15
104.03338	-4.92347	15
104.03338	-4.93347	15
104.04338	-4.93347	15
104.04338	-4.94347	15
104.05338	-4.94347	15
104.05338	-4.95347	15
104.06338	-4.95347	15
104.06338	-4.96347	15
104.07338	-4.96347	15
104.07338	-4.97347	15
104.08338	-4.97347	15
104.08338	-4.98347	15
104.09338	-4.98347	15
104.09338	-4.99347	15
104.10338	-4.99347	15
104.10338	-5.00347	15
104.11338	-5.00347	15
104.11338	-5.01347	15
104.12338	-5.01347	15
104.13338	-5.01347	15
104.13338	-5.02347	15
104.14338	-5.02347	15
104.14338	-5.03347	15
104.15338	-5.03347	15
104.15338	-5.04347	15
104.16338	-5.04347	15
104.16338	-5.05347	15
104.17338	-5.05347	15
104.17338	-5.06347	15
104.18338	-5.06347	15
104.18338	-5.07347	15
104.19338	-5.07347	15
104.19338	-5.08347	15
104.20338	-5.08347	15
104.20338	-5.09347	15
104.21338	-5.09347	15
104.21338	-5.10347	15
104.22338	-5.10347	15
104.22338	-5.11347	15
104.23338	-5.11347	15
104.23338	-5.12347	15
104.24338	-5.12347	15
104.24338	-5.13347	15
104.24338	-5.14347	15
104.25338	-5.14347	15
104.25338	-5.15347	15
104.25338	-5.16347	15
104.26338	-5.16347	15
104.26338	-5.17347	15
104.26338	-5.18347	15
104.27338	-5.18347	15
104.27338	-5.19347	15
104.27338	-5.20347	15
104.28338	-5.20347	15
104.29338	-5.20347	15
104.23338	-5.21347	15
104.28338	-5.21347	15
104.29338	-5.21347	15
104.30338	-5.21347	15
104.31338	-5.21347	15
104.23338	-5.22347	15
104.24338	-5.22347	15
104.28338	-5.22347	15
104.31338	-5.22347	15
104.32338	-5.22347	15
104.24338	-5.23347	15
104.25338	-5.23347	15
104.28338	-5.23347	15
104.29338	-5.23347	15
104.32338	-5.23347	15
104.25338	-5.24347	15
104.26338	-5.24347	15
104.29338	-5.24347	15
104.26338	-5.25347	15
104.27338	-5.25347	15
104.29338	-5.25347	15
104.27338	-5.26347	15
104.28338	-5.26347	15
104.29338	-5.26347	15
104.30338	-5.26347	15
104.28338	-5.27347	15
104.29338	-5.27347	15
104.30338	-5.27347	15
104.29338	-5.28347	15
104.30338	-5.28347	15
104.30338	-5.29347	15
104.30338	-5.30347	15
104.31338	-5.30347	15
104.31338	-5.31347	15
104.32338	-5.31347	15
104.39338	-5.31347	15
104.40338	-5.31347	15
104.32338	-5.32347	15
104.33338	-5.32347	15
104.40338	-5.32347	15
104.41338	-5.32347	15
104.33338	-5.33347	15
104.34338	-5.33347	15
104.41338	-5.33347	15
104.42338	-5.33347	15
104.43338	-5.33347	15
104.34338	-5.34347	15
104.35338	-5.34347	15
104.43338	-5.34347	15
104.44338	-5.34347	15
104.35338	-5.35347	15
104.36338	-5.35347	15
104.44338	-5.35347	15
104.45338	-5.35347	15
104.36338	-5.36347	15
104.37338	-5.36347	15
104.45338	-5.36347	15
104.46338	-5.36347	15
104.37338	-5.37347	15
104.38338	-5.37347	15
104.46338	-5.37347	15
104.47338	-5.37347	15
104.38338	-5.38347	15
104.39338	-5.38347	15
104.47338	-5.38347	15
104.39338	-5.39347	15
104.40338	-5.39347	15
104.47338	-5.39347	15
104.48338	-5.39347	15
104.40338	-5.40347	15
104.48338	-5.40347	15
104.49338	-5.40347	15
104.40338	-5.41347	15
104.41338	-5.41347	15
104.49338	-5.41347	15
104.41338	-5.42347	15
104.42338	-5.42347	15
104.42338	-5.43347	15
104.43338	-5.43347	15
104.43338	-5.44347	15
104.44338	-5.44347	15
104.44338	-5.45347	15
104.45338	-5.45347	15
104.45338	-5.46347	15
104.46338	-5.46347	15
104.46338	-5.47347	15
104.46338	-5.48347	15
104.47338	-5.48347	15
104.47338	-5.49347	15
104.48338	-5.49347	15
104.48338	-5.50347	15
104.49338	-5.50347	15
104.49338	-5.51347	15
104.50338	-5.51347	15
104.50338	-5.52347	15
104.50338	-5.53347	15
104.51338	-5.53347	15
104.51338	-5.54347	15
104.52338	-5.54347	15
104.52338	-5.55347	15
104.53338	-5.55347	15
104.53338	-5.56347	15
104.54338	-5.56347	15
104.54338	-5.57347	15
104.55338	-5.57347	15
104.55338	-5.58347	15
104.55338	-5.59347	15
104.56338	-5.59347	15
104.56338	-5.60347	15
104.57338	-5.60347	15
104.57338	-5.61347	15
104.58338	-5.61347	15
104.58338	-5.62347	15
104.58338	-5.63347	15
104.59338	-5.63347	15
104.59338	-5.64347	15
104.60338	-5.64347	15
104.60338	-5.65347	15
104.61338	-5.65347	15
104.61338	-5.66347	15
104.62338	-5.66347	15
104.62338	-5.67347	15
104.62338	-5.68347	15
104.63338	-5.68347	15
104.63338	-5.69347	15
104.64338	-5.69347	15
104.64338	-5.70347	15
104.65338	-5.70347	15
104.65338	-5.71347	15
104.65338	-5.72347	15
104.66338	-5.72347	15
104.66338	-5.73347	15
104.66338	-5.74347	15
104.67338	-5.74347	15
104.67338	-5.75347	15
104.68338	-5.75347	15
104.68338	-5.76347	15
104.68338	-5.77347	15
104.69338	-5.77347	15
104.69338	-5.78347	15
104.70338	-5.78347	15
104.70338	-5.79347	15
104.70338	-5.80347	15
104.71338	-5.80347	15
104.71338	-5.81347	15
104.71338	-5.82347	15
104.72338	-5.82347	15
104.72338	-5.83347	15
104.73338	-5.83347	15
104.73338	-5.84347	15
104.73338	-5.85347	15
104.74338	-5.85347	15
104.74338	-5.86347	15
104.74338	-5.87347	15
104.75338	-5.87347	15
104.75338	-5.88347	15
104.75338	-5.89347	15
104.76338	-5.89347	15
104.76338	-5.90347	15
104.76338	-5.91347	15
104.76338	-5.92347	15
104.77338	-5.92347	15
104.77338	-5.93347	15
104.77338	-5.94347	15
104.78338	-5.94347	15
104.78338	-5.95347	15
104.78338	-5.96347	15
104.79338	-5.96347	15
104.79338	-5.97347	15
104.79338	-5.98347	15
104.79338	-5.99347	15
104.80338	-5.99347	15
104.80338	-6.00347	15
104.80338	-6.01347	15
104.80338	-6.02347	15
104.80338	-6.03347	15
104.81338	-6.03347	15
104.81338	-6.04347	15
104.81338	-6.05347	15
104.81338	-6.06347	15
104.82338	-6.06347	15
104.82338	-6.07347	15
104.82338	-6.08347	15
104.82338	-6.09347	15
104.82338	-6.10347	15
104.82338	-6.11347	15
104.83338	-6.11347	15
104.83338	-6.12347	15
104.83338	-6.13347	15
104.83338	-6.14347	15
104.83338	-6.15347	15
104.83338	-6.16347	15
104.83338	-6.17347	15
104.83338	-6.18347	15
104.83338	-6.19347	15
104.84338	-6.19347	15
104.84338	-6.20347	15
104.84338	-6.21347	15
104.84338	-6.22347	15
104.84338	-6.23347	15
104.84338	-6.24347	15
104.84338	-6.25347	15
104.84338	-6.26347	15
104.84338	-6.27347	15
104.84338	-6.28347	15
104.83338	-6.29347	15
104.84338	-6.29347	15
104.83338	-6.30347	15
104.83338	-6.31347	15
104.83338	-6.32347	15
104.83338	-6.33347	15
104.83338	-6.34347	15
104.83338	-6.35347	15
104.83338	-6.36347	15
104.83338	-6.37347	15
104.83338	-6.38347	15
104.83338	-6.39347	15
104.83338	-6.40347	15
104.82338	-6.41347	15
104.83338	-6.41347	15
104.82338	-6.42347	15
104.82338	-6.43347	15
104.82338	-6.44347	15
104.82338	-6.45347	15
104.82338	-6.46347	15
104.82338	-6.47347	15
104.82338	-6.48347	15
104.82338	-6.49347	15
104.82338	-6.50347	15
104.82338	-6.51347	15
104.81338	-6.52347	15
104.82338	-6.52347	15
104.81338	-6.53347	15
104.81338	-6.54347	15
104.80338	-6.55347	15
104.81338	-6.55347	15
104.80338	-6.56347	15
104.80338	-6.57347	15
104.79338	-6.58347	15
104.80338	-6.58347	15
104.79338	-6.59347	15
104.79338	-6.60347	15
104.78338	-6.61347	15
104.79338	-6.61347	15
104.78338	-6.62347	15
104.78338	-6.63347	15
104.77338	-6.64347	15
104.78338	-6.64347	15
104.77338	-6.65347	15
104.77338	-6.66347	15
104.76338	-6.67347	15
104.77338	-6.67347	15
104.76338	-6.68347	15
104.75338	-6.69347	15
104.76338	-6.69347	15
104.75338	-6.70347	15
104.74338	-6.71347	15
104.75338	-6.71347	15
