longitude latitude PGA(g)	
95.309330 5.154980 0.168878
95.309330 5.354980 0.161460
95.309330 5.554980 0.158432
95.509330 4.754980 0.162602
95.509330 4.954980 0.156481
95.509330 5.154980 0.154918
95.509330 5.354980 0.151440
95.509330 5.554980 0.145072
95.709330 2.754980 0.499830
95.709330 4.554980 0.164289
95.709330 4.754980 0.152255
95.709330 4.954980 0.146465
95.709330 5.154980 0.147179
95.709330 5.354980 0.141826
95.709330 5.554980 0.136198
95.909330 2.754980 0.501880
95.909330 4.354980 0.176641
95.909330 4.554980 0.158902
95.909330 4.754980 0.148120
95.909330 4.954980 0.143785
95.909330 5.154980 0.141441
95.909330 5.354980 0.136319
96.109330 2.554980 0.505888
96.109330 4.154980 0.188975
96.109330 4.354980 0.165512
96.109330 4.554980 0.153330
96.109330 4.754980 0.147546
96.109330 4.954980 0.142160
96.109330 5.154980 0.134612
96.309330 2.554980 0.507942
96.309330 4.154980 0.178055
96.309330 4.354980 0.160805
96.309330 4.554980 0.151906
96.309330 4.754980 0.144008
96.309330 4.954980 0.136573
96.309330 5.154980 0.131377
96.509330 3.754980 0.204293
96.509330 3.954980 0.182630
96.509330 4.154980 0.168226
96.509330 4.354980 0.156311
96.509330 4.554980 0.148447
96.509330 4.754980 0.139076
96.509330 4.954980 0.133078
96.509330 5.154980 0.129083
96.709330 3.754980 0.192300
96.709330 3.954980 0.170407
96.709330 4.154980 0.157132
96.709330 4.354980 0.151416
96.709330 4.554980 0.142577
96.709330 4.754980 0.137736
96.709330 4.954980 0.132086
96.709330 5.154980 0.128033
96.909330 3.754980 0.182006
96.909330 3.954980 0.162850
96.909330 4.154980 0.153989
96.909330 4.354980 0.145480
96.909330 4.554980 0.142049
96.909330 4.754980 0.138122
96.909330 4.954980 0.131071
96.909330 5.154980 0.127290
97.109330 3.554980 0.183835
97.109330 3.754980 0.168204
97.109330 3.954980 0.158197
97.109330 4.154980 0.150972
97.109330 4.354980 0.143103
97.109330 4.554980 0.141394
97.109330 4.754980 0.134508
97.109330 4.954980 0.129340
97.109330 5.154980 0.126676
97.309330 1.354980 0.530975
97.309330 2.154980 0.522621
97.309330 3.154980 0.207358
97.309330 3.354980 0.184191
97.309330 3.554980 0.168286
97.309330 3.754980 0.158444
97.309330 3.954980 0.153753
97.309330 4.154980 0.147307
97.309330 4.354980 0.139060
97.309330 4.554980 0.135831
97.309330 4.754980 0.131229
97.309330 4.954980 0.127868
97.309330 5.154980 0.126257
97.509330 0.954980 0.537448
97.509330 1.154980 0.535304
97.509330 1.354980 0.533235
97.509330 2.954980 0.208290
97.509330 3.154980 0.184994
97.509330 3.354980 0.169132
97.509330 3.554980 0.158897
97.509330 3.754980 0.153905
97.509330 3.954980 0.149093
97.509330 4.154980 0.144347
97.509330 4.354980 0.142167
97.509330 4.554980 0.139115
97.509330 4.754980 0.131354
97.509330 4.954980 0.127710
97.509330 5.154980 0.121933
97.709330 0.754980 0.541961
97.709330 0.954980 0.539829
97.709330 1.154980 0.537689
97.709330 2.354980 0.293750
97.709330 2.554980 0.242798
97.709330 2.754980 0.209233
97.709330 2.954980 0.185875
97.709330 3.154980 0.170049
97.709330 3.354980 0.160115
97.709330 3.554980 0.155074
97.709330 3.754980 0.148828
97.709330 3.954980 0.144039
97.709330 4.154980 0.140816
97.709330 4.354980 0.136800
97.709330 4.554980 0.133594
97.709330 4.754980 0.129852
97.709330 4.954980 0.123227
97.909330 0.954980 0.542146
97.909330 2.354980 0.243978
97.909330 2.554980 0.210182
97.909330 2.754980 0.186744
97.909330 2.954980 0.171195
97.909330 3.154980 0.161830
97.909330 3.354980 0.156235
97.909330 3.554980 0.148917
97.909330 3.754980 0.141848
97.909330 3.954980 0.137641
97.909330 4.154980 0.134920
97.909330 4.354980 0.132034
97.909330 4.554980 0.130089
97.909330 4.754980 0.124222
98.109330 2.354980 0.206424
98.109330 2.554980 0.187665
98.109330 2.754980 0.172442
98.109330 2.954980 0.163828
98.109330 3.154980 0.156761
98.109330 3.354980 0.148512
98.109330 3.554980 0.142091
98.109330 3.754980 0.137734
98.109330 3.954980 0.134737
98.109330 4.154980 0.132182
98.109330 4.354980 0.130363
98.309330 2.154980 0.191619
98.309330 2.354980 0.181062
98.309330 2.554980 0.171521
98.309330 2.754980 0.165050
98.309330 2.954980 0.156637
98.309330 3.154980 0.148106
98.309330 3.354980 0.142253
98.309330 3.554980 0.138312
98.309330 3.754980 0.135481
98.309330 3.954980 0.132819
98.509330 -0.245020 0.562886
98.509330 1.954980 0.191466
98.509330 2.154980 0.176214
98.509330 2.354980 0.165418
98.509330 2.554980 0.163245
98.509330 2.754980 0.156327
98.509330 2.954980 0.152692
98.509330 3.154980 0.143716
98.509330 3.354980 0.139004
98.509330 3.554980 0.136239
98.509330 3.754980 0.133602
98.709330 -1.245020 0.576853
98.709330 -1.045020 0.574558
98.709330 0.154980 0.560914
98.709330 1.754980 0.182725
98.709330 1.954980 0.175976
98.709330 2.154980 0.165360
98.709330 2.354980 0.160217
98.709330 2.554980 0.153914
98.709330 2.754980 0.151973
98.709330 2.954980 0.148444
98.709330 3.154980 0.141054
98.709330 3.354980 0.137254
98.709330 3.554980 0.134410
98.709330 3.754980 0.132644
98.909330 -1.645020 0.584199
98.909330 -1.445020 0.581932
98.909330 -1.245020 0.579655
98.909330 -1.045020 0.577366
98.909330 1.154980 0.193181
98.909330 1.354980 0.186322
98.909330 1.554980 0.175756
98.909330 1.754980 0.166854
98.909330 1.954980 0.163982
98.909330 2.154980 0.160364
98.909330 2.354980 0.152321
98.909330 2.554980 0.149558
98.909330 2.754980 0.149729
98.909330 2.954980 0.143031
98.909330 3.154980 0.138403
98.909330 3.354980 0.135353
98.909330 3.554980 0.133499
99.109330 -1.645020 0.587079
99.109330 -1.445020 0.584808
99.109330 0.754980 0.217548
99.109330 0.954980 0.194332
99.109330 1.154980 0.180680
99.109330 1.354980 0.170818
99.109330 1.554980 0.164720
99.109330 1.754980 0.161679
99.109330 1.954980 0.157390
99.109330 2.154980 0.151210
99.109330 2.354980 0.149146
99.109330 2.554980 0.149966
99.109330 2.754980 0.143719
99.109330 2.954980 0.138801
99.109330 3.154980 0.135981
99.109330 3.354980 0.134266
99.109330 3.554980 0.133070
99.309330 0.354980 0.227365
99.309330 0.554980 0.212707
99.309330 0.754980 0.194644
99.309330 0.954980 0.180816
99.309330 1.154980 0.170052
99.309330 1.354980 0.163874
99.309330 1.554980 0.159912
99.309330 1.754980 0.153658
99.309330 1.954980 0.148110
99.309330 2.154980 0.145485
99.309330 2.354980 0.148469
99.309330 2.554980 0.145102
99.309330 2.754980 0.139073
99.309330 2.954980 0.136310
99.309330 3.154980 0.134833
99.309330 3.354980 0.133814
99.509330 0.154980 0.214117
99.509330 0.354980 0.195650
99.509330 0.554980 0.188077
99.509330 0.754980 0.180927
99.509330 0.954980 0.171901
99.509330 1.154980 0.164449
99.509330 1.354980 0.158174
99.509330 1.554980 0.150694
99.509330 1.754980 0.146518
99.509330 1.954980 0.143492
99.509330 2.154980 0.142149
99.509330 2.354980 0.141654
99.509330 2.554980 0.139612
99.509330 2.754980 0.136934
99.509330 2.954980 0.135333
99.509330 3.154980 0.134474
99.709330 -2.245020 0.583059
99.709330 0.154980 0.187620
99.709330 0.354980 0.179360
99.709330 0.554980 0.175110
99.709330 0.754980 0.167207
99.709330 0.954980 0.164940
99.709330 1.154980 0.158712
99.709330 1.354980 0.150489
99.709330 1.554980 0.145665
99.709330 1.754980 0.143043
99.709330 1.954980 0.141142
99.709330 2.154980 0.139530
99.709330 2.354980 0.138457
99.709330 2.554980 0.137277
99.709330 2.754980 0.136117
99.709330 2.954980 0.135165
99.709330 3.154980 0.134470
99.909330 -0.245020 0.188888
99.909330 -0.045020 0.179184
99.909330 0.154980 0.172329
99.909330 0.354980 0.171405
99.909330 0.554980 0.164470
99.909330 0.754980 0.163361
99.909330 0.954980 0.157455
99.909330 1.154980 0.150816
99.909330 1.354980 0.146416
99.909330 1.554980 0.143511
99.909330 1.754980 0.141009
99.909330 1.954980 0.139529
99.909330 2.154980 0.138402
99.909330 2.354980 0.137535
99.909330 2.554980 0.136717
99.909330 2.754980 0.135963
99.909330 2.954980 0.135281
100.109330 -2.645020 0.572937
100.109330 -0.445020 0.182651
100.109330 -0.245020 0.173972
100.109330 -0.045020 0.169845
100.109330 0.154980 0.167518
100.109330 0.354980 0.164940
100.109330 0.554980 0.161511
100.109330 0.754980 0.155932
100.109330 0.954980 0.150149
100.109330 1.154980 0.146568
100.109330 1.354980 0.144214
100.109330 1.554980 0.141872
100.109330 1.754980 0.140127
100.109330 1.954980 0.138890
100.109330 2.154980 0.138080
100.109330 2.354980 0.137365
100.109330 2.554980 0.136728
100.309330 -3.045020 0.565236
100.309330 -0.645020 0.182039
100.309330 -0.445020 0.174879
100.309330 -0.245020 0.169615
100.309330 -0.045020 0.165871
100.309330 0.154980 0.160031
100.309330 0.354980 0.154913
100.309330 0.554980 0.152066
100.309330 0.754980 0.148822
100.309330 0.954980 0.146354
100.309330 1.154980 0.144292
100.309330 1.354980 0.142446
100.309330 1.554980 0.140957
100.309330 1.754980 0.139787
100.309330 1.954980 0.138874
100.309330 2.154980 0.138148
100.309330 2.354980 0.137539
100.309330 2.554980 0.136960
100.309330 5.354980 0.044801
100.309330 6.154980 0.022384
100.309330 6.354980 0.019301
100.309330 6.554980 0.016352
100.509330 -1.245020 0.200494
100.509330 -1.045020 0.186225
100.509330 -0.845020 0.176763
100.509330 -0.645020 0.174161
100.509330 -0.445020 0.168792
100.509330 -0.245020 0.162406
100.509330 -0.045020 0.156774
100.509330 0.154980 0.152337
100.509330 0.354980 0.149342
100.509330 0.554980 0.147646
100.509330 0.754980 0.145778
100.509330 0.954980 0.144025
100.509330 1.154980 0.142731
100.509330 1.354980 0.141598
100.509330 1.554980 0.140604
100.509330 1.754980 0.139775
100.509330 1.954980 0.139031
100.509330 2.154980 0.138399
100.509330 4.954980 0.064256
100.509330 5.154980 0.051666
100.509330 5.354980 0.041382
100.509330 5.554980 0.033422
100.509330 5.754980 0.027630
100.509330 5.954980 0.023661
100.509330 6.154980 0.020974
100.509330 6.354980 0.017819
100.709330 -1.645020 0.222906
100.709330 -1.445020 0.199532
100.709330 -1.245020 0.185274
100.709330 -1.045020 0.177666
100.709330 -0.845020 0.170332
100.709330 -0.645020 0.164091
100.709330 -0.445020 0.158866
100.709330 -0.245020 0.154573
100.709330 -0.045020 0.151510
100.709330 0.154980 0.148944
100.709330 0.354980 0.147104
100.709330 0.554980 0.145407
100.709330 0.754980 0.144159
100.709330 0.954980 0.143012
100.709330 1.154980 0.142133
100.709330 1.354980 0.141330
100.709330 1.554980 0.140610
100.709330 1.754980 0.139935
100.709330 1.954980 0.139309
100.709330 3.954980 0.129172
100.709330 4.154980 0.113185
100.709330 4.354980 0.095387
100.709330 4.554980 0.078427
100.709330 4.754980 0.064539
100.709330 4.954980 0.053263
100.709330 5.154980 0.044389
100.709330 5.354980 0.036718
100.709330 5.554980 0.030631
100.709330 5.754980 0.025469
100.709330 5.954980 0.022191
100.709330 6.154980 0.019042
100.709330 6.354980 0.016193
100.909330 -2.245020 0.255686
100.909330 -2.045020 0.229628
100.909330 -1.845020 0.215989
100.909330 -1.645020 0.198849
100.909330 -1.445020 0.185086
100.909330 -1.245020 0.176656
100.909330 -1.045020 0.167692
100.909330 -0.845020 0.160994
100.909330 -0.645020 0.156130
100.909330 -0.445020 0.153574
100.909330 -0.245020 0.151282
100.909330 -0.045020 0.149292
100.909330 0.154980 0.147065
100.909330 0.354980 0.145589
100.909330 0.554980 0.144444
100.909330 0.754980 0.143560
100.909330 0.954980 0.142777
100.909330 1.154980 0.142074
100.909330 1.354980 0.141428
100.909330 1.554980 0.140802
100.909330 1.754980 0.140211
100.909330 1.954980 0.139645
100.909330 2.154980 0.139102
100.909330 3.754980 0.129984
100.909330 3.954980 0.113851
100.909330 4.154980 0.095905
100.909330 4.354980 0.078822
100.909330 4.554980 0.064820
100.909330 4.754980 0.053475
100.909330 4.954980 0.044549
100.909330 5.154980 0.037577
100.909330 5.354980 0.032152
100.909330 5.554980 0.027361
100.909330 5.754980 0.023520
100.909330 5.954980 0.020760
100.909330 6.154980 0.017525
101.109330 -2.445020 0.254467
101.109330 -2.245020 0.220276
101.109330 -2.045020 0.197205
101.109330 -1.845020 0.190131
101.109330 -1.645020 0.183489
101.109330 -1.445020 0.175023
101.109330 -1.245020 0.165833
101.109330 -1.045020 0.159324
101.109330 -0.845020 0.155350
101.109330 -0.645020 0.153016
101.109330 -0.445020 0.151045
101.109330 -0.245020 0.149452
101.109330 -0.045020 0.147684
101.109330 0.154980 0.146187
101.109330 0.354980 0.145024
101.109330 0.554980 0.144233
101.109330 0.754980 0.143520
101.109330 0.954980 0.142883
101.109330 1.154980 0.142250
101.109330 1.354980 0.141670
101.109330 1.554980 0.141106
101.109330 1.754980 0.140557
101.109330 1.954980 0.140009
101.109330 2.154980 0.139469
101.109330 3.554980 0.118560
101.109330 3.754980 0.114510
101.109330 3.954980 0.096442
101.109330 4.154980 0.079212
101.109330 4.354980 0.065110
101.109330 4.554980 0.053686
101.109330 4.754980 0.044706
101.109330 4.954980 0.037719
101.109330 5.154980 0.032256
101.109330 5.354980 0.027825
101.109330 5.554980 0.024224
101.309330 -2.645020 0.253247
101.309330 -2.445020 0.219270
101.309330 -2.245020 0.196704
101.309330 -2.045020 0.183212
101.309330 -1.845020 0.175435
101.309330 -1.645020 0.169266
101.309330 -1.445020 0.163055
101.309330 -1.245020 0.158062
101.309330 -1.045020 0.154361
101.309330 -0.845020 0.152045
101.309330 -0.645020 0.150628
101.309330 -0.445020 0.149376
101.309330 -0.245020 0.148014
101.309330 -0.045020 0.146896
101.309330 0.154980 0.145899
101.309330 0.354980 0.145054
101.309330 0.554980 0.144346
101.309330 0.754980 0.143724
101.309330 0.954980 0.143152
101.309330 1.154980 0.142578
101.309330 1.354980 0.142022
101.309330 1.554980 0.141477
101.309330 1.754980 0.140919
101.309330 1.954980 0.140387
101.309330 3.154980 0.119725
101.309330 3.354980 0.115603
101.309330 3.554980 0.097305
101.309330 3.754980 0.090715
101.309330 3.954980 0.079609
101.309330 4.154980 0.065416
101.309330 4.354980 0.053896
101.309330 4.554980 0.044863
101.309330 4.754980 0.037860
101.309330 4.954980 0.032365
101.309330 5.154980 0.027923
101.309330 5.354980 0.024290
101.309330 5.554980 0.021823
101.309330 5.754980 0.019321
101.509330 -3.045020 0.251365
101.509330 -2.845020 0.225840
101.509330 -2.645020 0.212576
101.509330 -2.445020 0.196372
101.509330 -2.245020 0.182980
101.509330 -2.045020 0.171845
101.509330 -1.845020 0.163112
101.509330 -1.645020 0.158504
101.509330 -1.445020 0.155550
101.509330 -1.245020 0.153074
101.509330 -1.045020 0.151116
101.509330 -0.845020 0.149675
101.509330 -0.645020 0.148392
101.509330 -0.445020 0.147732
101.509330 -0.245020 0.147504
101.509330 -0.045020 0.146708
101.509330 0.154980 0.145963
101.509330 0.354980 0.145267
101.509330 0.554980 0.144640
101.509330 0.754980 0.144049
101.509330 0.954980 0.143509
101.509330 1.154980 0.142942
101.509330 1.354980 0.142396
101.509330 1.554980 0.141846
101.509330 1.754980 0.136027
101.509330 1.954980 0.122645
101.509330 2.754980 0.117172
101.509330 2.954980 0.098511
101.509330 3.154980 0.093817
101.509330 3.354980 0.091484
101.509330 3.554980 0.080249
101.509330 3.754980 0.069488
101.509330 3.954980 0.063054
101.509330 4.154980 0.054116
101.509330 4.354980 0.045022
101.509330 4.554980 0.037994
101.509330 4.754980 0.032464
101.509330 4.954980 0.028021
101.509330 5.154980 0.024355
101.509330 5.354980 0.021887
101.509330 5.554980 0.019403
101.509330 5.754980 0.016756
101.709330 -3.245020 0.250182
101.709330 -3.045020 0.216653
101.709330 -2.845020 0.193997
101.709330 -2.645020 0.187715
101.709330 -2.445020 0.179719
101.709330 -2.245020 0.169804
101.709330 -2.045020 0.161273
101.709330 -1.845020 0.155661
101.709330 -1.645020 0.152134
101.709330 -1.445020 0.150846
101.709330 -1.245020 0.149630
101.709330 -1.045020 0.148620
101.709330 -0.845020 0.147423
101.709330 -0.645020 0.146745
101.709330 -0.445020 0.146556
101.709330 -0.245020 0.146678
101.709330 -0.045020 0.146861
101.709330 0.154980 0.146208
101.709330 0.354980 0.145602
101.709330 0.554980 0.144994
101.709330 0.754980 0.144433
101.709330 0.954980 0.143868
101.709330 1.154980 0.143328
101.709330 1.354980 0.142784
101.709330 1.554980 0.136937
101.709330 1.754980 0.119609
101.709330 1.954980 0.100397
101.709330 2.754980 0.092547
101.709330 2.954980 0.081147
101.709330 3.154980 0.071345
101.709330 3.354980 0.070004
101.709330 3.554980 0.063498
101.709330 3.754980 0.054463
101.709330 3.954980 0.049650
101.709330 4.154980 0.044037
101.709330 4.354980 0.038127
101.709330 4.554980 0.032552
101.709330 4.754980 0.028101
101.709330 4.954980 0.024413
101.709330 5.154980 0.021947
101.709330 5.354980 0.019479
101.709330 5.554980 0.016839
101.709330 5.754980 0.014806
101.909330 -3.445020 0.223202
101.909330 -3.245020 0.209977
101.909330 -3.045020 0.193161
101.909330 -2.845020 0.179808
101.909330 -2.645020 0.172056
101.909330 -2.445020 0.165484
101.909330 -2.245020 0.159255
101.909330 -2.045020 0.154628
101.909330 -1.845020 0.151139
101.909330 -1.645020 0.148811
101.909330 -1.445020 0.147622
101.909330 -1.245020 0.146910
101.909330 -1.045020 0.146145
101.909330 -0.845020 0.145682
101.909330 -0.645020 0.145567
101.909330 -0.445020 0.145689
101.909330 -0.245020 0.145966
101.909330 -0.045020 0.146357
101.909330 0.154980 0.146566
101.909330 0.354980 0.145970
101.909330 0.554980 0.145391
101.909330 0.754980 0.144817
101.909330 0.954980 0.144284
101.909330 1.154980 0.143718
101.909330 1.354980 0.137838
101.909330 2.554980 0.072082
101.909330 2.754980 0.070741
101.909330 2.954980 0.064106
101.909330 3.154980 0.054947
101.909330 3.354980 0.053647
101.909330 3.554980 0.049975
101.909330 3.754980 0.044295
101.909330 3.954980 0.039432
101.909330 4.154980 0.035819
101.909330 4.354980 0.032075
101.909330 4.554980 0.028173
101.909330 4.754980 0.024460
101.909330 4.954980 0.021997
101.909330 5.154980 0.019546
101.909330 5.354980 0.016907
101.909330 5.554980 0.014840
101.909330 5.754980 0.013920
102.109330 -3.445020 0.191514
102.109330 -3.245020 0.183926
102.109330 -3.045020 0.177429
102.109330 -2.845020 0.169429
102.109330 -2.645020 0.160074
102.109330 -2.445020 0.155619
102.109330 -2.245020 0.152471
102.109330 -2.045020 0.149929
102.109330 -1.845020 0.147897
102.109330 -1.645020 0.146410
102.109330 -1.445020 0.144994
102.109330 -1.245020 0.144591
102.109330 -1.045020 0.144472
102.109330 -0.845020 0.144498
102.109330 -0.645020 0.144673
102.109330 -0.445020 0.144965
102.109330 -0.245020 0.145359
102.109330 -0.045020 0.145786
102.109330 0.154980 0.146243
102.109330 0.354980 0.146392
102.109330 0.554980 0.145816
102.109330 0.754980 0.145239
102.109330 0.954980 0.144669
102.109330 1.154980 0.144135
102.109330 1.354980 0.138217
102.109330 1.554980 0.112508
102.109330 2.354980 0.055011
102.109330 2.554980 0.054871
102.109330 2.754980 0.054128
102.109330 2.954980 0.050425
102.109330 3.154980 0.044644
102.109330 3.354980 0.041892
102.109330 3.554980 0.039664
102.109330 3.754980 0.036038
102.109330 3.954980 0.032245
102.109330 4.154980 0.029744
102.109330 4.354980 0.026998
102.109330 4.554980 0.024247
102.109330 4.754980 0.022025
102.109330 4.954980 0.019593
102.109330 5.154980 0.016957
102.109330 5.354980 0.014864
102.109330 5.554980 0.013952
102.109330 5.754980 0.013143
102.109330 5.954980 0.012412
102.109330 6.154980 0.011763
102.309330 -5.445020 0.515528
102.309330 -3.845020 0.213170
102.309330 -3.645020 0.190982
102.309330 -3.445020 0.176269
102.309330 -3.245020 0.169869
102.309330 -3.045020 0.164967
102.309330 -2.845020 0.158106
102.309330 -2.645020 0.152769
102.309330 -2.445020 0.149088
102.309330 -2.245020 0.147735
102.309330 -2.045020 0.146425
102.309330 -1.845020 0.145343
102.309330 -1.645020 0.144082
102.309330 -1.445020 0.143394
102.309330 -1.245020 0.143175
102.309330 -1.045020 0.143378
102.309330 -0.845020 0.143666
102.309330 -0.645020 0.143991
102.309330 -0.445020 0.144374
102.309330 -0.245020 0.144788
102.309330 -0.045020 0.145239
102.309330 0.154980 0.145724
102.309330 0.354980 0.146182
102.309330 0.554980 0.146239
102.309330 0.754980 0.145665
102.309330 1.154980 0.139132
102.309330 1.354980 0.121375
102.309330 2.354980 0.042810
102.309330 2.554980 0.042689
102.309330 2.754980 0.042225
102.309330 2.954980 0.039979
102.309330 3.154980 0.036341
102.309330 3.354980 0.033329
102.309330 3.554980 0.032035
102.309330 3.754980 0.029891
102.309330 3.954980 0.027152
102.309330 4.154980 0.024649
102.309330 4.354980 0.023174
102.309330 4.554980 0.021486
102.309330 4.754980 0.019396
102.309330 4.954980 0.016982
102.309330 5.154980 0.014878
102.309330 5.354980 0.013970
102.309330 5.554980 0.013166
102.309330 5.754980 0.012444
102.309330 5.954980 0.011797
102.309330 6.154980 0.011215
102.509330 -4.045020 0.212240
102.509330 -3.845020 0.190166
102.509330 -3.645020 0.177163
102.509330 -3.445020 0.167051
102.509330 -3.245020 0.159969
102.509330 -3.045020 0.153985
102.509330 -2.845020 0.150525
102.509330 -2.645020 0.147794
102.509330 -2.445020 0.145678
102.509330 -2.245020 0.144435
102.509330 -2.045020 0.143658
102.509330 -1.845020 0.142861
102.509330 -1.645020 0.142391
102.509330 -1.445020 0.142249
102.509330 -1.245020 0.142322
102.509330 -1.045020 0.142614
102.509330 -0.845020 0.143000
102.509330 -0.645020 0.143391
102.509330 -0.445020 0.143839
102.509330 -0.245020 0.144257
102.509330 -0.045020 0.144728
102.509330 0.154980 0.145177
102.509330 0.354980 0.145663
102.509330 0.554980 0.146120
102.509330 0.954980 0.145483
102.509330 2.154980 0.043479
102.509330 2.354980 0.034859
102.509330 2.554980 0.033854
102.509330 2.754980 0.033546
102.509330 2.954980 0.032241
102.509330 3.154980 0.030103
102.509330 3.354980 0.027364
102.509330 3.554980 0.026249
102.509330 3.754980 0.024732
102.509330 3.954980 0.023263
102.509330 4.154980 0.021587
102.509330 4.354980 0.020228
102.509330 4.554980 0.018410
102.509330 4.754980 0.016497
102.509330 4.954980 0.014816
102.509330 5.154980 0.013973
102.509330 5.354980 0.013175
102.509330 5.554980 0.012459
102.509330 5.754980 0.011820
102.709330 -4.245020 0.205675
102.709330 -4.045020 0.189474
102.709330 -3.845020 0.176356
102.709330 -3.645020 0.165783
102.709330 -3.445020 0.157716
102.709330 -3.245020 0.151987
102.709330 -3.045020 0.147186
102.709330 -2.845020 0.145560
102.709330 -2.645020 0.144220
102.709330 -2.445020 0.143154
102.709330 -2.245020 0.141808
102.709330 -2.045020 0.141358
102.709330 -1.845020 0.141205
102.709330 -1.645020 0.141214
102.709330 -1.445020 0.141379
102.709330 -1.245020 0.141641
102.709330 -1.045020 0.142001
102.709330 -0.845020 0.142425
102.709330 -0.645020 0.142848
102.709330 -0.445020 0.143299
102.709330 -0.245020 0.143750
102.709330 -0.045020 0.144224
102.709330 0.154980 0.144669
102.709330 0.354980 0.145116
102.709330 0.554980 0.145573
102.709330 0.954980 0.145878
102.709330 1.954980 0.049588
102.709330 2.154980 0.038687
102.709330 2.354980 0.031994
102.709330 2.554980 0.027711
102.709330 2.754980 0.027422
102.709330 2.954980 0.026403
102.709330 3.154980 0.024851
102.709330 3.354980 0.023397
102.709330 3.554980 0.022398
102.709330 3.754980 0.021526
102.709330 3.954980 0.020328
102.709330 4.154980 0.018524
102.709330 4.354980 0.016828
102.709330 4.554980 0.015440
102.709330 4.754980 0.014522
102.709330 4.954980 0.013820
102.709330 5.154980 0.013126
102.709330 5.354980 0.012455
102.709330 5.554980 0.011825
102.909330 -4.445020 0.187547
102.909330 -4.245020 0.180260
102.909330 -4.045020 0.173825
102.909330 -3.845020 0.164556
102.909330 -3.645020 0.155689
102.909330 -3.445020 0.149848
102.909330 -3.245020 0.146239
102.909330 -3.045020 0.143617
102.909330 -2.845020 0.142280
102.909330 -2.645020 0.141422
102.909330 -2.445020 0.140598
102.909330 -2.245020 0.140099
102.909330 -2.045020 0.139931
102.909330 -1.845020 0.140105
102.909330 -1.645020 0.140365
102.909330 -1.445020 0.140686
102.909330 -1.245020 0.141058
102.909330 -1.045020 0.141477
102.909330 -0.845020 0.141905
102.909330 -0.645020 0.142360
102.909330 -0.445020 0.142813
102.909330 -0.245020 0.143265
102.909330 -0.045020 0.143715
102.909330 0.154980 0.144165
102.909330 0.354980 0.144581
102.909330 0.554980 0.145024
102.909330 0.954980 0.140475
102.909330 1.954980 0.047671
102.909330 2.154980 0.037509
102.909330 2.354980 0.030352
102.909330 2.554980 0.024796
102.909330 2.754980 0.023058
102.909330 2.954980 0.022479
102.909330 3.154980 0.021615
102.909330 3.354980 0.020468
102.909330 3.554980 0.019003
102.909330 3.754980 0.018088
102.909330 3.954980 0.016899
102.909330 4.154980 0.015534
102.909330 4.354980 0.014576
102.909330 4.554980 0.014039
102.909330 4.754980 0.013490
102.909330 4.954980 0.012919
102.909330 5.154980 0.012345
102.909330 5.354980 0.011786
103.109330 -4.445020 0.171750
103.109330 -4.245020 0.165163
103.109330 -4.045020 0.160816
103.109330 -3.845020 0.153881
103.109330 -3.645020 0.148890
103.109330 -3.445020 0.145135
103.109330 -3.245020 0.142714
103.109330 -3.045020 0.141143
103.109330 -2.845020 0.139586
103.109330 -2.645020 0.139101
103.109330 -2.445020 0.138923
103.109330 -2.245020 0.138907
103.109330 -2.045020 0.139047
103.109330 -1.845020 0.139324
103.109330 -1.645020 0.139688
103.109330 -1.445020 0.140094
103.109330 -1.245020 0.140516
103.109330 -1.045020 0.135685
103.109330 -0.845020 0.141409
103.109330 -0.645020 0.141846
103.109330 -0.445020 0.142301
103.109330 -0.245020 0.142754
103.109330 -0.045020 0.143206
103.109330 0.154980 0.143630
103.109330 0.354980 0.144076
103.109330 0.754980 0.139542
103.109330 1.754980 0.054922
103.109330 1.954980 0.043695
103.109330 2.154980 0.034919
103.109330 2.354980 0.028783
103.109330 2.554980 0.023939
103.109330 2.754980 0.020799
103.109330 2.954980 0.019121
103.109330 3.154980 0.018180
103.109330 3.354980 0.017015
103.109330 3.554980 0.015674
103.109330 3.754980 0.014972
103.109330 3.954980 0.014557
103.109330 4.154980 0.014071
103.109330 4.354980 0.013536
103.109330 4.554980 0.013024
103.109330 4.754980 0.012580
103.109330 4.954980 0.012114
103.109330 5.154980 0.011636
103.109330 5.354980 0.011169
103.309330 -4.645020 0.171155
103.309330 -4.445020 0.161420
103.309330 -4.245020 0.153589
103.309330 -4.045020 0.150136
103.309330 -3.845020 0.146734
103.309330 -3.645020 0.143989
103.309330 -3.445020 0.141881
103.309330 -3.245020 0.140287
103.309330 -3.045020 0.138693
103.309330 -2.845020 0.137899
103.309330 -2.645020 0.137629
103.309330 -2.445020 0.137801
103.309330 -2.245020 0.138061
103.309330 -2.045020 0.138352
103.309330 -1.845020 0.138736
103.309330 -1.645020 0.139148
103.309330 -1.445020 0.139572
103.309330 -1.245020 0.134800
103.309330 -1.045020 0.118652
103.309330 -0.845020 0.122754
103.309330 -0.645020 0.123105
103.309330 -0.445020 0.123474
103.309330 -0.245020 0.123820
103.309330 -0.045020 0.142690
103.309330 0.154980 0.143118
103.309330 0.354980 0.138198
103.309330 1.754980 0.047165
103.309330 1.954980 0.038790
103.309330 2.154980 0.031991
103.309330 2.354980 0.026537
103.309330 2.554980 0.022716
103.309330 2.754980 0.019570
103.309330 2.954980 0.016227
103.309330 3.154980 0.014992
103.309330 3.354980 0.014593
103.309330 3.554980 0.014123
103.309330 3.754980 0.013763
103.309330 3.954980 0.013434
103.309330 4.154980 0.013045
103.309330 4.354980 0.012615
103.309330 4.554980 0.012164
103.309330 4.754980 0.011781
103.309330 4.954980 0.011395
103.509330 -4.845020 0.170169
103.509330 -4.645020 0.161282
103.509330 -4.445020 0.156169
103.509330 -4.245020 0.148001
103.509330 -4.045020 0.143319
103.509330 -3.845020 0.141857
103.509330 -3.645020 0.140471
103.509330 -3.445020 0.139253
103.509330 -3.245020 0.137815
103.509330 -3.045020 0.137022
103.509330 -2.845020 0.136740
103.509330 -2.645020 0.136780
103.509330 -2.445020 0.137033
103.509330 -2.245020 0.137381
103.509330 -2.045020 0.137771
103.509330 -1.845020 0.138188
103.509330 -1.645020 0.138631
103.509330 -1.445020 0.133935
103.509330 -1.245020 0.117904
103.509330 -1.045020 0.099705
103.509330 -0.845020 0.095451
103.509330 -0.445020 0.095947
103.509330 -0.245020 0.108807
103.509330 -0.045020 0.123765
103.509330 0.154980 0.124109
103.509330 0.354980 0.120642
103.509330 0.754980 0.095191
103.509330 1.354980 0.056778
103.509330 1.554980 0.047346
103.509330 1.754980 0.039681
103.509330 1.954980 0.033576
103.509330 2.154980 0.028531
103.509330 2.354980 0.024179
103.509330 2.554980 0.021226
103.509330 2.754980 0.017977
103.709330 -4.845020 0.160185
103.709330 -4.645020 0.155582
103.709330 -4.445020 0.148854
103.709330 -4.245020 0.143026
103.709330 -4.045020 0.139937
103.709330 -3.845020 0.138503
103.709330 -3.645020 0.137510
103.709330 -3.445020 0.136622
103.709330 -3.245020 0.136061
103.709330 -3.045020 0.135842
103.709330 -2.845020 0.135877
103.709330 -2.645020 0.136107
103.709330 -2.445020 0.136425
103.709330 -2.245020 0.136844
103.709330 -2.045020 0.137272
103.709330 -1.845020 0.137692
103.709330 -1.645020 0.133061
103.709330 -1.445020 0.117172
103.709330 -1.245020 0.099128
103.709330 -1.045020 0.081656
103.709330 0.154980 0.096398
103.709330 0.754980 0.072190
103.709330 1.354980 0.047144
103.709330 1.554980 0.039673
103.709330 1.754980 0.033657
103.709330 1.954980 0.028970
103.709330 2.154980 0.024873
103.709330 2.354980 0.022115
103.709330 2.554980 0.019303
103.909330 -5.045020 0.159214
103.909330 -4.845020 0.154684
103.909330 -4.645020 0.148460
103.909330 -4.445020 0.142557
103.909330 -4.245020 0.139275
103.909330 -4.045020 0.137377
103.909330 -3.845020 0.135659
103.909330 -3.645020 0.135106
103.909330 -3.445020 0.134886
103.909330 -3.245020 0.134858
103.909330 -3.045020 0.134967
103.909330 -2.845020 0.135195
103.909330 -2.645020 0.135512
103.909330 -2.445020 0.135912
103.909330 -2.245020 0.136338
103.909330 -2.045020 0.136769
103.909330 -1.845020 0.132204
103.909330 -1.645020 0.116452
103.909330 -1.445020 0.098569
103.909330 -1.245020 0.081233
103.909330 -1.045020 0.067049
103.909330 0.954980 0.051308
103.909330 1.354980 0.039520
103.909330 1.554980 0.033550
103.909330 1.754980 0.028944
103.909330 1.954980 0.024894
103.909330 2.154980 0.022285
103.909330 2.354980 0.019916
104.109330 -5.445020 0.168989
104.109330 -5.245020 0.159052
104.109330 -5.045020 0.153794
104.109330 -4.845020 0.147868
104.109330 -4.645020 0.142026
104.109330 -4.445020 0.138559
104.109330 -4.245020 0.136559
104.109330 -4.045020 0.134808
104.109330 -3.845020 0.133989
104.109330 -3.645020 0.133675
104.109330 -3.445020 0.133808
104.109330 -3.245020 0.134028
104.109330 -3.045020 0.134302
104.109330 -2.845020 0.134634
104.109330 -2.645020 0.134994
104.109330 -2.445020 0.135426
104.109330 -2.245020 0.135857
104.109330 -2.045020 0.136309
104.109330 -1.845020 0.131768
104.109330 -1.645020 0.108420
104.109330 -1.445020 0.083218
104.109330 -1.245020 0.066712
104.109330 -1.045020 0.055068
104.109330 1.154980 0.036839
104.109330 1.554980 0.028830
104.109330 1.754980 0.024813
104.109330 1.954980 0.022237
104.309330 -5.645020 0.179707
104.309330 -5.445020 0.164341
104.309330 -5.245020 0.154866
104.309330 -5.045020 0.147212
104.309330 -4.845020 0.141349
104.309330 -4.645020 0.137804
104.309330 -4.445020 0.135753
104.309330 -4.245020 0.134005
104.309330 -4.045020 0.133164
104.309330 -3.845020 0.132839
104.309330 -3.645020 0.132850
104.309330 -3.445020 0.133070
104.309330 -3.245020 0.133381
104.309330 -3.045020 0.133742
104.309330 -2.845020 0.134133
104.309330 -2.645020 0.134550
104.309330 -2.445020 0.134966
104.309330 -2.245020 0.135397
104.309330 -2.045020 0.130922
104.309330 -1.845020 0.115350
104.309330 -1.645020 0.097705
104.309330 -1.445020 0.077139
104.309330 -1.245020 0.059847
104.309330 -0.445020 0.037874
104.309330 0.154980 0.042616
104.309330 0.354980 0.042316
104.309330 0.754980 0.036641
104.509330 -5.645020 0.169544
104.509330 -5.445020 0.158251
104.509330 -5.245020 0.149428
104.509330 -5.045020 0.141885
104.509330 -4.845020 0.137385
104.509330 -4.645020 0.134943
104.509330 -4.445020 0.133198
104.509330 -4.245020 0.132337
104.509330 -4.045020 0.132000
104.509330 -3.845020 0.132005
104.509330 -3.645020 0.132190
104.509330 -3.445020 0.132499
104.509330 -3.245020 0.132863
104.509330 -3.045020 0.133263
104.509330 -2.845020 0.133681
104.509330 -2.645020 0.134101
104.509330 -2.445020 0.134522
104.509330 -2.245020 0.134939
104.509330 -2.045020 0.130487
104.509330 -0.445020 0.030917
104.509330 -0.245020 0.032688
104.509330 -0.045020 0.033562
104.509330 0.954980 0.027271
104.509330 1.154980 0.024683
104.709330 -5.445020 0.151026
104.709330 -5.245020 0.143224
104.709330 -5.045020 0.138273
104.709330 -4.845020 0.135237
104.709330 -4.645020 0.132850
104.709330 -4.445020 0.131522
104.709330 -4.245020 0.131173
104.709330 -4.045020 0.131173
104.709330 -3.845020 0.131355
104.709330 -3.645020 0.131638
104.709330 -3.445020 0.132004
104.709330 -3.245020 0.132404
104.709330 -3.045020 0.132807
104.709330 -2.845020 0.133231
104.709330 -2.645020 0.133653
104.709330 -2.445020 0.134074
104.709330 -2.245020 0.129655
104.709330 -2.045020 0.114292
104.709330 0.754980 0.024618
104.909330 -5.645020 0.154383
104.909330 -5.445020 0.145638
104.909330 -5.245020 0.139821
104.909330 -5.045020 0.135924
104.909330 -4.845020 0.133248
104.909330 -4.645020 0.131379
104.909330 -4.445020 0.130576
104.909330 -4.245020 0.130369
104.909330 -4.045020 0.130510
104.909330 -3.845020 0.130812
104.909330 -3.645020 0.131162
104.909330 -3.445020 0.131547
104.909330 -3.245020 0.131969
104.909330 -3.045020 0.132376
104.909330 -2.845020 0.132802
104.909330 -2.645020 0.133203
104.909330 -2.445020 0.133625
104.909330 -0.245020 0.022473
105.109330 -5.645020 0.151953
105.109330 -5.445020 0.143000
105.109330 -5.245020 0.137438
105.109330 -5.045020 0.134057
105.109330 -4.845020 0.131666
105.109330 -4.645020 0.130291
105.109330 -4.445020 0.129789
105.109330 -4.245020 0.129777
105.109330 -4.045020 0.129996
105.109330 -3.845020 0.130322
105.109330 -3.645020 0.130719
105.109330 -3.445020 0.131107
105.109330 -3.245020 0.131530
105.109330 -3.045020 0.131941
105.109330 -2.845020 0.132349
105.109330 -2.645020 0.132774
105.109330 -2.445020 0.128393
105.309330 -5.445020 0.140885
105.309330 -5.245020 0.136075
105.309330 -5.045020 0.133126
105.309330 -4.845020 0.130607
105.309330 -4.645020 0.129478
105.309330 -4.445020 0.129149
105.309330 -4.245020 0.129243
105.309330 -4.045020 0.129517
105.309330 -3.845020 0.129874
105.309330 -3.645020 0.130283
105.309330 -3.445020 0.130691
105.309330 -3.245020 0.131098
105.309330 -3.045020 0.131503
105.309330 -2.845020 0.131914
105.309330 -2.645020 0.132321
105.309330 -2.445020 0.127956
105.309330 -2.045020 0.081289
105.509330 -5.645020 0.143968
105.509330 -5.445020 0.138220
105.509330 -5.245020 0.134378
105.509330 -5.045020 0.131697
105.509330 -4.845020 0.129691
105.509330 -4.645020 0.128839
105.509330 -4.445020 0.128640
105.509330 -4.245020 0.128788
105.509330 -4.045020 0.129077
105.509330 -3.845020 0.129448
105.509330 -3.645020 0.129846
105.509330 -3.445020 0.130256
105.509330 -3.245020 0.130664
105.509330 -3.045020 0.131070
105.509330 -2.845020 0.131475
105.509330 -2.645020 0.131886
105.509330 -2.445020 0.127526
105.509330 -2.045020 0.081067
105.509330 -1.845020 0.061765
105.509330 -1.645020 0.047571
105.709330 -5.845020 0.147274
105.709330 -5.645020 0.139808
105.709330 -5.445020 0.135365
105.709330 -5.245020 0.132599
105.709330 -5.045020 0.130121
105.709330 -4.845020 0.128725
105.709330 -4.645020 0.128190
105.709330 -4.445020 0.128137
105.709330 -4.245020 0.128328
105.709330 -4.045020 0.128646
105.709330 -3.845020 0.129034
105.709330 -3.645020 0.129421
105.709330 -3.445020 0.129833
105.709330 -3.245020 0.130228
105.709330 -3.045020 0.130636
105.709330 -2.845020 0.131043
105.709330 -2.045020 0.075105
105.709330 -1.845020 0.058450
105.909330 -3.845020 0.128602
105.909330 -3.245020 0.129806
105.909330 -3.045020 0.130189
105.909330 -2.645020 0.126285
105.909330 -2.445020 0.104276
105.909330 -2.245020 0.080438
105.909330 -2.045020 0.064598
105.909330 -1.845020 0.052132
105.909330 -1.645020 0.041846
106.109330 -2.845020 0.125455
106.109330 -2.645020 0.110907
106.109330 -2.445020 0.094129
106.109330 -2.245020 0.074561
106.109330 -2.045020 0.058045
106.109330 -1.845020 0.045240
106.309330 -2.845020 0.125049
106.309330 -2.645020 0.103366
106.309330 -2.445020 0.079802
106.509330 -3.045020 0.124264
106.509330 -2.845020 0.109902
106.509330 -2.645020 0.093353
106.709330 -3.045020 0.109243