
-90.099810 38.682800 2.895000 112.000000
-90.099810 38.682800 4.114000 174.000000
-90.099810 38.682800 5.334000 198.000000
-90.099810 38.682800 6.553000 211.000000
-90.099810 38.682800 7.772000 209.000000
-90.099810 38.682800 8.991000 213.000000
-90.099810 38.682800 10.210000 227.000000
-90.099810 38.682800 11.430000 216.000000
-90.099810 38.682800 12.649000 222.000000
-90.099810 38.682800 13.868000 247.000000
-90.099810 38.682800 15.087000 235.000000
-90.099810 38.682800 16.306000 239.000000
-90.092590 38.682600 3.048000 98.000000
-90.092590 38.682600 4.267000 104.000000
-90.092590 38.682600 5.486000 131.000000
-90.092590 38.682600 6.705000 178.000000
-90.092590 38.682600 7.924000 203.000000
-90.092590 38.682600 9.144000 202.000000
-90.092590 38.682600 10.363000 220.000000
-90.092590 38.682600 11.582000 272.000000
-90.092590 38.682600 12.801000 297.000000
-90.092590 38.682600 14.020000 273.000000
-90.092590 38.682600 15.240000 274.000000
-90.174801 38.646823 10.302365 213.972202
-90.174801 38.646823 11.795903 228.602780
-90.174801 38.646823 13.258961 203.913680
-90.174801 38.646823 14.874421 205.132894
-90.174801 38.646823 16.306998 208.790539
-90.174801 38.646823 17.831017 200.256035
-90.169209 38.648263 2.895635 196.903194
-90.169209 38.648263 4.267252 214.886613
-90.169209 38.648263 5.791270 185.015850
-90.169209 38.648263 8.534504 345.952207
-90.169209 38.648263 10.058522 192.635942
-90.169209 38.648263 10.972933 136.856864
-90.169209 38.648263 11.887345 205.437698
-90.169209 38.648263 13.319922 209.400146
-90.169209 38.648263 14.874421 209.400146
-90.169209 38.648263 16.459400 243.233358
-90.169209 38.648263 17.891978 215.496220
-90.169209 38.648263 18.593026 188.673494
-90.165618 38.649384 2.743233 173.433309
-90.165618 38.649384 4.267252 225.859546
-90.165618 38.649384 5.791270 160.631553
-90.165618 38.649384 7.315289 177.700561
-90.165618 38.649384 8.839307 214.277006
-90.165618 38.649384 10.363326 178.919776
-90.165618 38.649384 11.887345 221.287491
-90.165618 38.649384 13.411363 209.400146
-90.165618 38.649384 14.935382 235.613265
-90.165618 38.649384 16.459400 228.602780
-90.165618 38.649384 17.983419 125.883931
-90.169209 38.648263 7.620093 126.188734
-90.031640 38.727750 0.152400 120.701164
-90.031640 38.727750 0.609602 126.187581
-90.031640 38.727750 1.219204 128.930789
-90.031640 38.727750 1.828806 130.759594
-90.031640 38.727750 2.438407 132.283599
-90.031640 38.727750 3.048009 135.026807
-90.031640 38.727750 3.657611 140.208423
-90.031640 38.727750 4.267213 146.304441
-90.031640 38.727750 4.876815 152.705261
-90.031640 38.727750 5.486417 156.058071
-90.099810 38.682800 17.526000 252.000000
-90.099810 38.682800 18.745000 242.000000
-90.099810 38.682800 19.964000 245.000000
-90.099810 38.682800 21.183000 251.000000
-90.099810 38.682800 22.402000 248.000000
-90.099810 38.682800 23.622000 239.000000
-90.099810 38.682800 24.841000 236.000000
-90.099810 38.682800 26.060000 249.000000
-90.099810 38.682800 27.279000 253.000000
-90.099810 38.682800 28.498000 262.000000
-90.099810 38.682800 29.718000 275.000000
-90.099810 38.682800 30.937000 307.000000
-90.092590 38.682600 16.459000 338.000000
-90.092590 38.682600 17.678000 425.000000
-90.092590 38.682600 18.897000 371.000000
-90.092590 38.682600 20.116000 287.000000
-90.092590 38.682600 21.336000 252.000000
-90.092590 38.682600 22.555000 256.000000
-90.092590 38.682600 23.774000 281.000000
-90.092590 38.682600 24.993000 288.000000
-90.092590 38.682600 26.212000 278.000000
-90.092590 38.682600 27.432000 286.000000
-90.092590 38.682600 28.651000 328.000000
-90.092590 38.682600 29.870000 378.000000
-90.092590 38.682600 31.089000 378.000000
-90.108830 38.648260 0.152400 124.358775
-90.108830 38.648260 0.609602 127.101983
-90.108830 38.648260 1.219204 122.225169
-90.108830 38.648260 1.828806 124.968377
-90.108830 38.648260 2.438407 143.256432
-90.108830 38.648260 3.048009 161.544487
-90.108830 38.648260 3.657611 175.870130
-90.108830 38.648260 4.267213 183.490153
-90.108830 38.648260 4.876815 183.490153
-90.108830 38.648260 5.486417 184.404556
-90.108830 38.648260 6.096018 193.853385
-90.108830 38.648260 6.705620 200.863806
-90.460845 38.920430 0.000000 140.000000
-90.460845 38.920430 10.000000 140.000000
-90.460845 38.920430 10.000000 185.000000
-90.460845 38.920430 14.000000 185.000000
-90.460845 38.920430 14.000000 280.000000
-90.460845 38.920430 28.000000 280.000000
-90.460845 38.920430 28.000000 390.000000
-90.460845 38.920430 47.000000 390.000000
-90.464215 38.775325 0.000000 200.000000
-90.464215 38.775325 12.000000 200.000000
-90.464215 38.775325 12.000000 350.000000
-90.464215 38.775325 41.000000 350.000000
-90.102845 38.681705 0.000000 180.000000
-90.102845 38.681705 7.000000 180.000000
-90.102845 38.681705 7.000000 200.000000
-90.102845 38.681705 11.000000 200.000000
-90.102845 38.681705 11.000000 230.000000
-90.102845 38.681705 30.000000 230.000000
-90.502775 38.723645 0.000000 150.000000
-90.502775 38.723645 2.500000 150.000000
-90.502775 38.723645 2.500000 180.000000
-90.502775 38.723645 8.500000 180.000000
-90.502775 38.723645 8.500000 205.000000
-90.502775 38.723645 13.000000 205.000000
-90.502775 38.723645 13.000000 260.000000
-90.502775 38.723645 34.000000 260.000000
-90.227365 38.720335 0.000000 120.000000
-90.227365 38.720335 6.500000 120.000000
-90.181385 38.640895 0.000000 125.000000
-90.181385 38.640895 1.000000 125.000000
-90.181385 38.640895 1.000000 245.000000
-90.181385 38.640895 2.500000 245.000000
-90.181385 38.640895 2.500000 460.000000
-90.181385 38.640895 14.000000 460.000000
-90.217060 38.682440 1.260958 150.995786
-90.217060 38.682440 2.352142 123.246490
-90.217060 38.682440 3.716274 156.518153
-90.217060 38.682440 5.421478 193.058491
-90.217060 38.682440 7.552944 186.106003
-90.217060 38.682440 10.217201 224.229778
-90.217060 38.682440 13.547446 303.271733
-90.217060 38.682440 17.710252 353.063556
-90.217060 38.682440 22.525787 398.517466
-90.197123 38.745055 1.185672 94.857722
-90.197123 38.745055 2.211629 102.814222
-90.197123 38.745055 3.494075 148.624442
-90.197123 38.745055 5.097170 98.867976
-90.197123 38.745055 7.101078 146.447256
-90.197123 38.745055 9.605924 206.931463
-90.197123 38.745055 12.736982 241.731089
-90.197123 38.745055 16.650919 270.050666
-90.197123 38.745055 21.178571 284.222342
-90.006705 38.739988 1.767230 125.360887
-90.006705 38.739988 3.296564 157.542890
-90.006705 38.739988 5.208270 227.018698
-90.006705 38.739988 7.597902 155.629661
-90.006705 38.739988 10.584942 241.564973
-90.006705 38.739988 14.318894 223.668031
-90.006705 38.739988 18.986449 241.991388
-90.006705 38.739988 24.820778 328.355554
-90.006705 38.739988 31.569812 376.706587
-90.035205 38.733927 1.165555 85.087358
-90.035205 38.733927 2.174291 101.288698
-90.035205 38.733927 3.435248 93.800981
-90.035205 38.733927 5.011522 130.290418
-90.035205 38.733927 6.981749 139.734341
-90.035205 38.733927 9.444533 166.606423
-90.035205 38.733927 12.523013 203.712775
-90.035205 38.733927 16.371113 212.493149
-90.035205 38.733927 20.822564 201.602950
-90.070448 38.723745 1.440332 119.716906
-90.070448 38.723745 2.686660 148.027644
-90.070448 38.723745 4.244492 197.557339
-90.070448 38.723745 6.191860 155.025547
-90.070448 38.723745 8.626145 140.201294
-90.070448 38.723745 11.668963 170.965978
-90.070448 38.723745 15.472410 201.951946
-90.070448 38.723745 20.226680 223.330618
-90.070448 38.723745 25.726339 242.694866
-90.123600 38.721557 1.273759 87.557153
-90.123600 38.721557 2.375916 155.789376
-90.123600 38.721557 3.753764 142.635732
-90.123600 38.721557 5.476037 172.186092
-90.123600 38.721557 7.628839 191.111734
-90.123600 38.721557 10.319918 137.882071
-90.123600 38.721557 13.683691 192.003578
-90.123600 38.721557 17.888407 222.155918
-90.123600 38.721557 22.752406 185.567422
-90.102058 38.681175 1.766316 133.299098
-90.102058 38.681175 3.294888 114.253366
-90.102058 38.681175 5.205527 152.255220
-90.102058 38.681175 7.593787 205.230679
-90.102058 38.681175 10.579151 158.100674
-90.102058 38.681175 14.310970 191.395807
-90.102058 38.681175 18.975781 252.227486
-90.102058 38.681175 24.806758 252.986743
-90.102058 38.681175 31.551982 204.310793
-90.092845 38.680885 1.409243 101.284126
-90.092845 38.680885 2.628900 114.389916
-90.092845 38.680885 4.153510 147.616774
-90.092845 38.680885 6.059272 127.818794
-90.092845 38.680885 8.441436 175.149967
-90.092845 38.680885 11.419027 191.578992
-90.092845 38.680885 15.140940 241.455854
-90.092845 38.680885 19.793407 273.931380
-90.092845 38.680885 25.175413 272.640552
-90.066790 38.657392 1.506169 104.418994
-90.066790 38.657392 2.809494 119.392598
-90.066790 38.657392 4.438650 155.445866
-90.066790 38.657392 6.475171 199.421191
-90.066790 38.657392 9.020861 147.510703
-90.066790 38.657392 12.202973 171.605143
-90.066790 38.657392 16.180613 234.056225
-90.066790 38.657392 21.152663 241.117526
-90.066790 38.657392 26.904239 202.580748
-90.032965 38.659863 1.194206 104.659176
-90.032965 38.659863 2.227783 113.874194
-90.032965 38.659863 3.519830 141.126058
-90.032965 38.659863 5.134813 101.353925
-90.032965 38.659863 7.153504 102.009245
-90.032965 38.659863 9.676790 128.901444
-90.032965 38.659863 12.830861 144.806213
-90.032965 38.659863 16.773601 150.624235
-90.032965 38.659863 21.334628 153.985265
-90.105745 38.649828 1.159612 100.680317
-90.105745 38.649828 2.163318 121.127215
-90.105745 38.649828 3.417875 143.800678
-90.105745 38.649828 4.986071 139.104014
-90.105745 38.649828 6.946392 202.524360
-90.105745 38.649828 9.396679 206.025598
-90.105745 38.649828 12.459462 156.341369
-90.105745 38.649828 16.287902 208.690769
-90.105745 38.649828 20.716646 253.032768
-90.175365 38.672587 1.761287 174.643999
-90.175365 38.672587 3.285592 134.934655
-90.175365 38.672587 5.191049 200.621798
-90.175365 38.672587 7.572756 253.269293
-90.175365 38.672587 10.549890 195.298466
-90.175365 38.672587 14.271346 201.841913
-90.175365 38.672587 18.923051 292.135865
-90.175365 38.672587 24.737720 323.175782
-90.175365 38.672587 31.464199 318.046913
-90.172450 38.628285 1.357579 190.083948
-90.172450 38.628285 2.532278 213.804398
-90.172450 38.628285 4.000652 126.371299
-90.172450 38.628285 5.836158 140.852652
-90.172450 38.628285 8.130540 221.411902
-90.172450 38.628285 10.998556 230.739086
-90.172450 38.628285 14.583461 235.123634
-90.172450 38.628285 19.064478 289.136023
-90.172450 38.628285 24.248212 350.518781
-90.167100 38.699000 1.399184 107.259425
-90.167100 38.699000 2.610002 88.673330
-90.167100 38.699000 4.123487 153.906931
-90.167100 38.699000 6.015380 200.427336
-90.167100 38.699000 8.380324 175.861370
-90.167100 38.699000 11.336426 209.307684
-90.167100 38.699000 15.031517 249.718068
-90.167100 38.699000 19.650304 226.214940
-90.167100 38.699000 24.993295 270.585286
-90.135850 38.733792 2.264969 221.542661
-90.135850 38.733792 4.224985 242.408354
-90.135850 38.733792 6.674968 123.868891
-90.135850 38.733792 9.737446 167.773198
-90.135850 38.733792 13.565581 226.070160
-90.135850 38.733792 18.350789 237.811056
-90.135850 38.733792 24.332336 279.137974
-90.135850 38.733792 31.809385 311.368745
-90.135850 38.733792 40.458695 308.218637
-90.163912 38.742253 2.090623 197.987717
-90.163912 38.742253 3.899764 100.443182
-90.163912 38.742253 6.161227 196.182691
-90.163912 38.742253 8.987942 208.180229
-90.163912 38.742253 12.521336 186.885072
-90.163912 38.742253 16.938193 304.638151
-90.163912 38.742253 22.459188 342.318137
-90.163912 38.742253 29.360317 380.443130
-90.163912 38.742253 37.343486 460.890823
-90.214100 38.827222 2.126894 154.205635
-90.214100 38.827222 3.967582 127.886765
-90.214100 38.827222 6.268517 181.320643
-90.214100 38.827222 9.144762 184.503060
-90.214100 38.827222 12.740030 181.725722
-90.214100 38.827222 17.234002 280.074014
-90.214100 38.827222 22.851466 284.627726
-90.214100 38.827222 29.873296 350.386193
-90.214100 38.827222 37.996063 424.666867
-90.181672 38.789365 1.005992 164.438990
-90.181672 38.789365 1.876501 130.017622
-90.181672 38.789365 2.964637 90.589913
-90.181672 38.789365 4.324960 196.471946
-90.181672 38.789365 6.025286 236.450124
-90.181672 38.789365 8.150657 245.563034
-90.181672 38.789365 10.807446 323.596711
-90.181672 38.789365 14.128394 394.378891
-90.181672 38.789365 17.970094 452.517967
-90.149260 38.819277 1.419606 118.287394
-90.149260 38.819277 2.648255 106.858613
-90.149260 38.819277 4.184142 148.978010
-90.149260 38.819277 6.103925 192.516862
-90.149260 38.819277 8.503615 179.742389
-90.149260 38.819277 11.503304 171.304306
-90.149260 38.819277 15.252802 207.898289
-90.149260 38.819277 19.939559 243.180108
-90.149260 38.819277 25.361189 257.506622
-90.126583 38.813575 1.632052 88.253316
-90.126583 38.813575 3.044342 139.820599
-90.126583 38.813575 4.809592 134.342734
-90.126583 38.813575 7.016191 200.438309
-90.126583 38.813575 9.774479 181.577285
-90.126583 38.813575 13.222376 144.307255
-90.126583 38.813575 17.532248 207.811116
-90.126583 38.813575 22.919588 269.059457
-90.126583 38.813575 29.151682 294.188083
-90.131292 38.839840 1.388212 99.001783
-90.131292 38.839840 2.589428 113.601398
-90.131292 38.839840 4.091026 135.010246
-90.131292 38.839840 5.967984 179.130960
-90.131292 38.839840 8.314182 183.149138
-90.131292 38.839840 11.246968 134.693558
-90.131292 38.839840 14.912950 184.424422
-90.131292 38.839840 19.495465 230.534566
-90.131292 38.839840 24.796547 209.298845
-90.178583 38.852300 1.469136 165.462204
-90.178583 38.852300 2.740609 157.151832
-90.178583 38.852300 4.329836 129.769819
-90.178583 38.852300 6.316218 181.030474
-90.178583 38.852300 8.799271 209.689903
-90.178583 38.852300 11.903202 203.610058
-90.178583 38.852300 15.783001 245.236289
-90.178583 38.852300 20.632674 304.671679
-90.178583 38.852300 26.242823 329.578106
-90.223375 38.862005 1.274521 99.661370
-90.223375 38.862005 2.377592 126.176532
-90.223375 38.862005 3.756355 107.655055
-90.223375 38.862005 5.479694 172.636282
-90.223375 38.862005 7.633868 205.629967
-90.223375 38.862005 10.326624 222.383909
-90.223375 38.862005 13.692530 286.609536
-90.223375 38.862005 17.899990 320.647771
-90.223375 38.862005 22.767188 296.903546
-90.150085 38.775640 1.488338 175.288956
-90.150085 38.775640 2.776271 181.165195
-90.150085 38.775640 4.386224 97.131835
-90.150085 38.775640 6.398666 161.822282
-90.150085 38.775640 8.914181 195.606924
-90.150085 38.775640 12.058498 196.969380
-90.150085 38.775640 15.988894 204.962150
-90.150085 38.775640 20.901965 244.171318
-90.150085 38.775640 26.585418 286.623252
-90.032678 38.691608 1.179271 109.561884
-90.032678 38.691608 2.199742 100.704396
-90.032678 38.691608 3.475330 130.828999
-90.032678 38.691608 5.069738 122.810930
-90.032678 38.691608 7.062673 140.426542
-90.032678 38.691608 9.553804 179.762810
-90.032678 38.691608 12.667640 211.932622
-90.032678 38.691608 16.559936 247.108980
-90.032678 38.691608 21.062594 283.280510
-90.173705 38.622025 1.140562 175.929646
-90.173705 38.622025 2.127504 247.019674
-90.173705 38.622025 3.361334 248.964907
-90.173705 38.622025 4.903622 152.199746
-90.173705 38.622025 6.831330 139.831572
-90.173705 38.622025 9.240926 228.809398
-90.173705 38.622025 12.252960 225.522130
-90.173705 38.622025 16.018154 226.558450
-90.173705 38.622025 20.373746 219.455695
-90.153342 38.608473 2.245766 119.814442
-90.153342 38.608473 4.189171 190.253112
-90.153342 38.608473 6.618427 139.258243
-90.153342 38.608473 9.654997 148.476005
-90.153342 38.608473 13.450672 233.798974
-90.153342 38.608473 18.195341 234.622543
-90.153342 38.608473 24.126139 309.500016
-90.153342 38.608473 31.539637 348.351043
-90.153342 38.608473 40.115490 377.449080
-90.149500 38.531253 1.624127 150.673918
-90.149500 38.531253 3.029560 150.500486
-90.149500 38.531253 4.786274 199.122487
-90.149500 38.531253 6.982206 231.440431
-90.149500 38.531253 9.727082 203.000458
-90.149500 38.531253 13.158216 185.093762
-90.149500 38.531253 17.447209 284.636566
-90.149500 38.531253 22.808489 342.569292
-90.149500 38.531253 29.010407 388.096658
-90.176670 38.557985 1.288694 155.515970
-90.176670 38.557985 2.403805 149.631502
-90.176670 38.557985 3.797656 148.169376
-90.176670 38.557985 5.539892 165.497866
-90.176670 38.557985 7.717688 173.765261
-90.176670 38.557985 10.440010 164.385346
-90.176670 38.557985 13.842949 174.647047
-90.176670 38.557985 18.096738 211.937803
-90.176670 38.557985 23.017429 245.032682
-90.200633 38.581775 1.273454 155.387345
-90.200633 38.581775 2.375611 146.834657
-90.200633 38.581775 3.753307 200.019209
-90.200633 38.581775 5.475427 201.161904
-90.200633 38.581775 7.628077 134.937398
-90.200633 38.581775 10.318852 190.542062
-90.200633 38.581775 13.682472 252.927307
-90.200633 38.581775 17.887036 274.675397
-90.200633 38.581775 22.750729 247.509792
-90.224363 38.523753 1.895399 116.290954
-90.224363 38.523753 3.535528 89.716966
-90.224363 38.523753 5.585765 147.418044
-90.224363 38.523753 8.148676 130.207207
-90.224363 38.523753 11.352276 203.061722
-90.224363 38.523753 15.356738 253.265635
-90.224363 38.523753 20.362316 275.780297
-90.224363 38.523753 26.619251 317.725654
-90.224363 38.523753 33.857336 377.536558