
 0 2.546862e+05 3.998535e+05 3.998535e+05 2.546862e+05 1.099900e+03 3.164950e+03 1.944892e+03 2.618476e+03 2.000000e+00
 1 2.148372e+05 4.701295e+05 4.701295e+05 2.148372e+05 1.099900e+03 4.710878e+03 2.655508e+03 2.742320e+03 2.000000e+00
 2 2.210889e+05 5.386280e+05 5.386280e+05 2.210889e+05 1.099900e+03 2.840541e+03 1.704517e+03 2.565300e+03 2.000000e+00
 3 2.236935e+05 5.732598e+05 5.732598e+05 2.236935e+05 1.099900e+03 3.531167e+03 1.929549e+03 2.639686e+03 2.000000e+00
 4 1.439589e+05 2.108131e+05 2.108131e+05 1.439589e+05 1.099900e+03 5.751032e+03 3.437030e+03 2.766090e+03 2.000000e+00
 5 2.612711e+05 3.432684e+05 3.432684e+05 2.612711e+05 1.099900e+03 3.900276e+03 2.163395e+03 2.754594e+03 2.000000e+00
 6 2.290807e+05 3.226999e+05 3.226999e+05 2.290807e+05 1.099900e+03 3.535349e+03 1.980417e+03 2.664313e+03 2.000000e+00
 7 1.711857e+05 5.663793e+05 5.663793e+05 1.711857e+05 1.099900e+03 3.924370e+03 1.946975e+03 2.758272e+03 2.000000e+00
 8 1.520624e+05 4.247443e+05 4.247443e+05 1.520624e+05 1.099900e+03 1.947208e+03 9.866832e+02 2.146816e+03 2.000000e+00
 9 2.772634e+05 2.923186e+05 2.923186e+05 2.772634e+05 1.099900e+03 3.323644e+03 1.757788e+03 2.577873e+03 2.000000e+00
 10 3.656892e+05 1.399654e+05 1.399654e+05 3.656892e+05 1.099900e+03 5.193645e+03 3.148897e+03 2.732150e+03 2.000000e+00
 11 2.590779e+05 1.947591e+05 1.947591e+05 2.590779e+05 1.099900e+03 2.282383e+03 1.215158e+03 2.271717e+03 2.000000e+00
 12 2.087555e+05 2.357259e+05 2.357259e+05 2.087555e+05 1.099900e+03 3.354198e+03 1.583005e+03 2.451804e+03 2.000000e+00
 13 1.982460e+05 4.890403e+05 4.890403e+05 1.982459e+05 1.099900e+03 3.614631e+03 2.059157e+03 2.434630e+03 2.000000e+00
 14 1.777667e+05 6.227883e+05 6.227883e+05 1.777667e+05 1.099900e+03 4.017312e+03 2.109456e+03 2.584683e+03 2.000000e+00
 15 2.709527e+05 4.836985e+05 4.836985e+05 2.709527e+05 1.099900e+03 4.184586e+03 2.499115e+03 2.688821e+03 2.000000e+00
 16 3.408267e+05 4.654191e+05 4.654191e+05 3.408267e+05 1.099900e+03 3.664622e+03 2.286716e+03 2.642059e+03 2.000000e+00
 17 4.016439e+05 5.693345e+05 5.693345e+05 4.016439e+05 1.099900e+03 4.787885e+03 2.361437e+03 2.754852e+03 2.000000e+00
 18 9.893872e+04 3.864912e+05 3.864912e+05 9.893872e+04 1.099900e+03 5.211210e+03 3.183471e+03 2.732695e+03 2.000000e+00
 19 2.317408e+05 3.790356e+05 3.790356e+05 2.317408e+05 1.099900e+03 4.178599e+03 2.297045e+03 2.742647e+03 2.000000e+00
 20 2.106696e+05 4.480186e+05 4.480186e+05 2.106696e+05 1.099900e+03 4.548146e+03 2.494229e+03 2.776143e+03 2.000000e+00
 21 3.516084e+05 5.024128e+05 5.024127e+05 3.516084e+05 1.099900e+03 3.126192e+03 1.880383e+03 2.589447e+03 2.000000e+00
 22 2.231971e+05 3.586310e+05 3.586310e+05 2.231971e+05 1.099900e+03 3.226800e+03 1.814723e+03 2.341560e+03 2.000000e+00
 23 3.762344e+05 5.803430e+05 5.803430e+05 3.762344e+05 1.099900e+03 5.596238e+03 3.090097e+03 2.813436e+03 2.000000e+00
 24 3.859255e+05 2.645508e+05 2.645508e+05 3.859255e+05 1.099900e+03 4.245384e+03 2.482425e+03 2.713813e+03 2.000000e+00
 25 2.547059e+05 2.956654e+05 2.956654e+05 2.547059e+05 1.099900e+03 2.758020e+03 1.437155e+03 2.450516e+03 2.000000e+00
 26 2.045742e+05 3.050379e+05 3.050379e+05 2.045742e+05 1.099900e+03 6.437187e+03 3.513756e+03 2.788778e+03 2.000000e+00
 27 1.541033e+05 2.530455e+05 2.530455e+05 1.541033e+05 1.099900e+03 5.641551e+03 3.397735e+03 2.770183e+03 2.000000e+00
 28 2.302559e+05 1.338247e+05 1.338247e+05 2.302559e+05 1.099900e+03 2.053948e+03 1.081808e+03 2.228952e+03 2.000000e+00
 29 3.839995e+05 3.511423e+05 3.511423e+05 3.839995e+05 1.099900e+03 4.558444e+03 2.681106e+03 2.728290e+03 2.000000e+00
 30 2.493210e+05 4.626630e+05 4.626630e+05 2.493210e+05 1.099900e+03 3.502739e+03 2.148681e+03 2.621534e+03 2.000000e+00
 31 1.509408e+05 2.384035e+05 2.384035e+05 1.509408e+05 1.099900e+03 5.748894e+03 3.469506e+03 2.779373e+03 2.000000e+00
 32 2.462149e+05 3.320723e+05 3.320723e+05 2.462149e+05 1.099900e+03 3.701830e+03 2.052151e+03 2.655580e+03 2.000000e+00
 33 1.196741e+05 5.921904e+05 5.921904e+05 1.196741e+05 1.099900e+03 4.430984e+03 2.402888e+03 2.675296e+03 2.000000e+00
 34 1.325440e+05 4.000830e+05 4.000830e+05 1.325439e+05 1.099900e+03 3.996902e+03 2.196685e+03 2.735822e+03 2.000000e+00
 35 4.494690e+05 4.994843e+05 4.994843e+05 4.494690e+05 1.099900e+03 4.171746e+03 2.520914e+03 2.731604e+03 2.000000e+00
 36 7.481854e+04 6.165826e+05 6.165826e+05 7.481854e+04 1.099900e+03 4.868177e+03 2.535745e+03 2.696746e+03 2.000000e+00
 37 2.892713e+05 1.088840e+05 1.088840e+05 2.892713e+05 1.099900e+03 4.892208e+03 2.720460e+03 2.717337e+03 2.000000e+00
 38 3.811226e+05 2.944715e+05 2.944715e+05 3.811226e+05 1.099900e+03 5.033900e+03 3.120876e+03 2.723837e+03 2.000000e+00
 39 1.495660e+05 2.845609e+05 2.845609e+05 1.495660e+05 1.099900e+03 4.695814e+03 2.552430e+03 2.720547e+03 2.000000e+00
 40 4.645508e+05 5.718136e+05 5.718136e+05 4.645508e+05 1.099900e+03 4.069680e+03 2.265962e+03 2.733010e+03 2.000000e+00
 41 3.552467e+05 4.108432e+05 4.108432e+05 3.552467e+05 1.099900e+03 4.650494e+03 2.671956e+03 2.693222e+03 2.000000e+00
 42 3.439905e+05 3.440609e+05 3.440609e+05 3.439905e+05 1.099900e+03 4.009318e+03 2.418271e+03 2.687466e+03 2.000000e+00
 43 2.099286e+05 3.086952e+05 3.086952e+05 2.099286e+05 1.099900e+03 6.434130e+03 3.639566e+03 2.783641e+03 2.000000e+00
 44 2.648034e+05 2.606927e+05 2.606927e+05 2.648034e+05 1.099900e+03 2.462601e+03 1.307272e+03 2.289777e+03 2.000000e+00
 45 1.762054e+05 1.689204e+05 1.689204e+05 1.762054e+05 1.099900e+03 5.378721e+03 3.107591e+03 2.742970e+03 2.000000e+00
 46 2.338725e+05 3.639320e+05 3.639320e+05 2.338725e+05 1.099900e+03 2.698507e+03 1.560336e+03 2.338753e+03 2.000000e+00
 47 3.607276e+05 2.128641e+05 2.128641e+05 3.607276e+05 1.099900e+03 4.652750e+03 2.793376e+03 2.702253e+03 2.000000e+00
 48 2.874417e+05 5.519474e+05 5.519474e+05 2.874417e+05 1.099900e+03 4.766321e+03 2.590402e+03 2.720262e+03 2.000000e+00
 49 3.533117e+05 5.289263e+05 5.289263e+05 3.533117e+05 1.099900e+03 4.282795e+03 2.508258e+03 2.748791e+03 2.000000e+00
 50 2.885617e+05 3.294292e+05 3.294292e+05 2.885617e+05 1.099900e+03 4.277084e+03 2.508032e+03 2.743763e+03 2.000000e+00
 51 1.435479e+05 4.139135e+05 4.139134e+05 1.435479e+05 1.099900e+03 1.912895e+03 1.041146e+03 2.200694e+03 2.000000e+00
 52 1.519288e+05 4.265912e+05 4.265912e+05 1.519288e+05 1.099900e+03 1.917129e+03 9.813623e+02 2.137467e+03 2.000000e+00
 53 1.034323e+05 6.134639e+05 6.134639e+05 1.034323e+05 1.099900e+03 4.258801e+03 1.970711e+03 2.680283e+03 2.000000e+00
 54 4.386972e+05 2.876298e+05 2.876298e+05 4.386972e+05 1.099900e+03 5.200644e+03 3.142188e+03 2.745549e+03 2.000000e+00
 55 2.381072e+05 4.947591e+05 4.947591e+05 2.381072e+05 1.099900e+03 4.499418e+03 2.602900e+03 2.756504e+03 2.000000e+00
 56 1.712846e+05 4.561262e+05 4.561262e+05 1.712846e+05 1.099900e+03 2.407582e+03 1.361759e+03 2.218173e+03 2.000000e+00
 57 1.203764e+05 4.829909e+05 4.829909e+05 1.203764e+05 1.099900e+03 3.541316e+03 1.980214e+03 2.523293e+03 2.000000e+00
 58 1.916745e+05 5.185998e+05 5.185998e+05 1.916745e+05 1.099900e+03 5.626544e+03 3.233354e+03 2.785214e+03 2.000000e+00
 59 1.511596e+05 3.732468e+05 3.732468e+05 1.511596e+05 1.099900e+03 1.859966e+03 9.777553e+02 2.156957e+03 2.000000e+00
 60 2.714350e+05 4.457782e+05 4.457782e+05 2.714350e+05 1.099900e+03 4.168098e+03 2.505282e+03 2.738585e+03 2.000000e+00
 61 3.182741e+05 4.840299e+05 4.840299e+05 3.182741e+05 1.099900e+03 4.416511e+03 2.778671e+03 2.733836e+03 2.000000e+00
 62 2.749229e+05 3.603782e+05 3.603782e+05 2.749229e+05 1.099900e+03 4.255460e+03 2.564630e+03 2.727914e+03 2.000000e+00
 63 2.431410e+05 3.818294e+05 3.818294e+05 2.431410e+05 1.099900e+03 3.873400e+03 2.173809e+03 2.744630e+03 2.000000e+00
 64 3.116016e+05 2.796315e+05 2.796315e+05 3.116016e+05 1.099900e+03 3.729774e+03 2.054865e+03 2.630749e+03 2.000000e+00
 65 2.576223e+05 2.725190e+05 2.725190e+05 2.576223e+05 1.099900e+03 2.412106e+03 1.273161e+03 2.249546e+03 2.000000e+00
 66 4.342427e+05 7.167218e+05 7.167218e+05 4.342427e+05 1.099900e+03 4.685243e+03 2.485315e+03 2.727918e+03 2.000000e+00
 67 1.446114e+05 4.838193e+05 4.838193e+05 1.446114e+05 1.099900e+03 2.687142e+03 1.545340e+03 2.271303e+03 2.000000e+00
 68 1.758721e+05 5.384877e+05 5.384877e+05 1.758721e+05 1.099900e+03 4.767588e+03 2.537235e+03 2.819990e+03 2.000000e+00
 69 3.783897e+05 5.124391e+05 5.124391e+05 3.783897e+05 1.099900e+03 4.102786e+03 2.464277e+03 2.732017e+03 2.000000e+00
 70 1.435404e+05 5.910525e+05 5.910525e+05 1.435404e+05 1.099900e+03 4.749581e+03 2.303347e+03 2.749500e+03 2.000000e+00
 71 2.590297e+05 3.080108e+05 3.080108e+05 2.590297e+05 1.099900e+03 3.837649e+03 1.922811e+03 2.716001e+03 2.000000e+00
 72 2.203429e+05 3.135860e+05 3.135860e+05 2.203429e+05 1.099900e+03 4.502556e+03 2.579190e+03 2.776931e+03 2.000000e+00
 73 4.455783e+05 3.387975e+05 3.387975e+05 4.455783e+05 1.099900e+03 5.210024e+03 3.094223e+03 2.747660e+03 2.000000e+00
 74 3.264685e+05 3.558331e+05 3.558331e+05 3.264685e+05 1.099900e+03 4.245574e+03 2.580219e+03 2.699756e+03 2.000000e+00
 75 4.433861e+05 2.223023e+05 2.223023e+05 4.433861e+05 1.099900e+03 5.143071e+03 3.108546e+03 2.730864e+03 2.000000e+00
 76 9.198951e+04 5.920749e+05 5.920749e+05 9.198951e+04 1.099900e+03 4.407925e+03 2.163076e+03 2.665653e+03 2.000000e+00
 77 1.220374e+05 2.238312e+05 2.238312e+05 1.220374e+05 1.099900e+03 5.858276e+03 3.363517e+03 2.782323e+03 2.000000e+00
 78 1.836879e+05 4.947305e+05 4.947305e+05 1.836879e+05 1.099900e+03 3.668790e+03 2.134703e+03 2.344303e+03 2.000000e+00
 79 1.773394e+05 4.725000e+05 4.725000e+05 1.773394e+05 1.099900e+03 1.952680e+03 1.043475e+03 2.143200e+03 2.000000e+00
 80 4.348321e+05 1.552085e+05 1.552085e+05 4.348321e+05 1.099900e+03 5.371048e+03 3.383133e+03 2.742613e+03 2.000000e+00
 81 1.452240e+05 4.280840e+05 4.280840e+05 1.452240e+05 1.099900e+03 1.783677e+03 9.138135e+02 2.149495e+03 2.000000e+00
 82 2.104882e+05 3.340982e+05 3.340982e+05 2.104882e+05 1.099900e+03 5.991710e+03 3.415525e+03 2.812200e+03 2.000000e+00
 83 1.463002e+05 6.791960e+05 6.791960e+05 1.463002e+05 1.099900e+03 5.134140e+03 2.708002e+03 2.788426e+03 2.000000e+00
 84 1.886600e+05 2.732169e+05 2.732169e+05 1.886600e+05 1.099900e+03 5.455947e+03 2.862729e+03 2.723567e+03 2.000000e+00
 85 2.428476e+05 2.606855e+05 2.606856e+05 2.428476e+05 1.099900e+03 4.028957e+03 1.900727e+03 2.482349e+03 2.000000e+00
 86 2.470271e+05 2.855700e+05 2.855700e+05 2.470271e+05 1.099900e+03 3.477897e+03 1.754759e+03 2.477214e+03 2.000000e+00
 87 3.428710e+05 3.207127e+05 3.207127e+05 3.428710e+05 1.099900e+03 4.426661e+03 2.642472e+03 2.655494e+03 2.000000e+00
 88 1.698242e+05 4.538415e+05 4.538415e+05 1.698242e+05 1.099900e+03 2.135133e+03 1.140700e+03 2.152319e+03 2.000000e+00
 89 3.081005e+05 3.930354e+05 3.930354e+05 3.081005e+05 1.099900e+03 4.090611e+03 2.260356e+03 2.764526e+03 2.000000e+00
 90 2.125489e+05 3.506805e+05 3.506805e+05 2.125489e+05 1.099900e+03 3.694050e+03 1.994551e+03 2.376896e+03 2.000000e+00
 91 2.113196e+05 3.555561e+05 3.555561e+05 2.113196e+05 1.099900e+03 3.849930e+03 2.057567e+03 2.386280e+03 2.000000e+00
 92 2.506407e+05 1.739407e+05 1.739407e+05 2.506407e+05 1.099900e+03 2.199262e+03 1.217929e+03 2.283622e+03 2.000000e+00
 93 2.430816e+05 4.370014e+05 4.370014e+05 2.430816e+05 1.099900e+03 4.072309e+03 2.548754e+03 2.743585e+03 2.000000e+00
 94 1.108118e+05 5.525877e+05 5.525877e+05 1.108118e+05 1.099900e+03 4.293593e+03 2.312153e+03 2.690342e+03 2.000000e+00
 95 6.894769e+04 4.359324e+05 4.359324e+05 6.894769e+04 1.099900e+03 4.569394e+03 2.578972e+03 2.652041e+03 2.000000e+00
 96 2.398595e+05 3.629903e+05 3.629903e+05 2.398595e+05 1.099900e+03 4.091291e+03 2.398711e+03 2.708152e+03 2.000000e+00
 97 5.520066e+04 3.658008e+05 3.658008e+05 5.520066e+04 1.099900e+03 4.300106e+03 2.373546e+03 2.634643e+03 2.000000e+00
 98 7.726497e+04 5.155646e+05 5.155646e+05 7.726497e+04 1.099900e+03 5.236955e+03 2.963131e+03 2.743090e+03 2.000000e+00
 99 1.569441e+05 3.438967e+05 3.438967e+05 1.569441e+05 1.099900e+03 3.478286e+03 2.013960e+03 2.604963e+03 2.000000e+00
 100 1.240819e+05 2.513508e+05 2.513508e+05 1.240819e+05 1.099900e+03 5.306663e+03 3.146271e+03 2.750513e+03 2.000000e+00
 101 1.320054e+05 2.339789e+05 2.339788e+05 1.320054e+05 1.099900e+03 5.833326e+03 3.472286e+03 2.769997e+03 2.000000e+00
 102 1.442347e+05 5.113489e+05 5.113489e+05 1.442347e+05 1.099900e+03 2.577720e+03 1.355208e+03 2.181690e+03 2.000000e+00
 103 4.368035e+05 4.182476e+05 4.182476e+05 4.368035e+05 1.099900e+03 4.479856e+03 2.632639e+03 2.730792e+03 2.000000e+00
 104 3.764045e+05 4.863000e+05 4.863000e+05 3.764045e+05 1.099900e+03 4.158623e+03 2.306318e+03 2.705154e+03 2.000000e+00
 105 2.328224e+05 3.035205e+05 3.035205e+05 2.328224e+05 1.099900e+03 4.327716e+03 2.042777e+03 2.781247e+03 2.000000e+00
 106 1.497064e+05 4.329687e+05 4.329687e+05 1.497064e+05 1.099900e+03 1.915233e+03 9.868688e+02 2.153235e+03 2.000000e+00
 107 1.696657e+05 6.337894e+05 6.337894e+05 1.696657e+05 1.099900e+03 4.346545e+03 2.291184e+03 2.636171e+03 2.000000e+00
 108 1.398283e+05 6.818008e+05 6.818008e+05 1.398283e+05 1.099900e+03 5.045471e+03 2.634319e+03 2.760268e+03 2.000000e+00
 109 1.197508e+05 6.419459e+05 6.419459e+05 1.197508e+05 1.099900e+03 4.381800e+03 2.018612e+03 2.702688e+03 2.000000e+00
 110 1.972629e+04 4.549495e+05 4.549495e+05 1.972629e+04 1.099900e+03 5.108496e+03 2.774979e+03 2.704410e+03 2.000000e+00
 111 2.490666e+05 3.188986e+05 3.188986e+05 2.490666e+05 1.099900e+03 3.719026e+03 1.773551e+03 2.755378e+03 2.000000e+00
 112 1.478992e+05 3.234144e+05 3.234144e+05 1.478992e+05 1.099900e+03 3.857950e+03 2.271719e+03 2.603328e+03 2.000000e+00
 113 1.410182e+05 4.497665e+05 4.497665e+05 1.410182e+05 1.099900e+03 5.086931e+03 2.701893e+03 2.824796e+03 2.000000e+00
 114 3.162955e+05 6.104484e+05 6.104484e+05 3.162955e+05 1.099900e+03 5.700775e+03 3.271670e+03 2.768260e+03 2.000000e+00
 115 1.299041e+05 5.053630e+05 5.053630e+05 1.299041e+05 1.099900e+03 1.950520e+03 9.584008e+02 2.118046e+03 2.000000e+00
 116 2.375047e+05 3.443362e+05 3.443362e+05 2.375047e+05 1.099900e+03 2.659787e+03 1.545913e+03 2.309011e+03 2.000000e+00
 117 1.029739e+05 5.774428e+05 5.774428e+05 1.029739e+05 1.099900e+03 4.314661e+03 2.362767e+03 2.627504e+03 2.000000e+00
 118 2.589886e+05 5.217510e+05 5.217510e+05 2.589886e+05 1.099900e+03 5.511143e+03 3.411783e+03 2.798969e+03 2.000000e+00
 119 1.884504e+05 5.813429e+05 5.813429e+05 1.884504e+05 1.099900e+03 4.238710e+03 2.277492e+03 2.571860e+03 2.000000e+00
 120 4.196852e+05 6.345326e+05 6.345326e+05 4.196852e+05 1.099900e+03 4.551438e+03 2.312573e+03 2.719999e+03 2.000000e+00
 121 2.460832e+05 2.447866e+05 2.447866e+05 2.460832e+05 1.099900e+03 3.791823e+03 1.929871e+03 2.474191e+03 2.000000e+00
 122 2.352739e+05 4.788833e+05 4.788833e+05 2.352739e+05 1.099900e+03 3.799719e+03 2.380282e+03 2.708509e+03 2.000000e+00
 123 4.192245e+05 3.603878e+05 3.603878e+05 4.192245e+05 1.099900e+03 4.766854e+03 2.808847e+03 2.738037e+03 2.000000e+00
 124 1.589805e+05 4.214668e+05 4.214668e+05 1.589805e+05 1.099900e+03 2.080070e+03 1.056706e+03 2.137436e+03 2.000000e+00
 125 2.672563e+05 6.070200e+05 6.070200e+05 2.672563e+05 1.099900e+03 4.403455e+03 2.465306e+03 2.745394e+03 2.000000e+00
 126 2.912764e+05 6.616089e+05 6.616089e+05 2.912764e+05 1.099900e+03 4.458350e+03 2.397363e+03 2.733450e+03 2.000000e+00
 127 2.962081e+05 5.198102e+05 5.198102e+05 2.962081e+05 1.099900e+03 4.392399e+03 2.560063e+03 2.798334e+03 2.000000e+00
 128 1.425539e+05 5.262452e+05 5.262452e+05 1.425539e+05 1.099900e+03 3.250027e+03 1.867371e+03 2.297794e+03 2.000000e+00
 129 2.973036e+05 5.457869e+05 5.457869e+05 2.973036e+05 1.099900e+03 4.356507e+03 2.514202e+03 2.699201e+03 2.000000e+00
 130 1.503636e+05 4.580189e+05 4.580189e+05 1.503636e+05 1.099900e+03 2.143541e+03 1.144122e+03 2.180031e+03 2.000000e+00
 131 2.653857e+05 2.842339e+05 2.842339e+05 2.653857e+05 1.099900e+03 2.748670e+03 1.458041e+03 2.413598e+03 2.000000e+00