90.86465	9.81718	15
91.06465	9.81718	15
91.26465	9.81718	15
91.46465	9.81718	15
91.66465	9.81718	15
91.86465	9.81718	15
92.06465	9.81718	15
92.26465	9.81718	15
92.46465	9.81718	15
92.66465	9.81718	15
92.86465	9.81718	15
90.86465	9.61718	15
91.06465	9.61718	15
91.26465	9.61718	15
91.46465	9.61718	15
91.66465	9.61718	15
91.86465	9.61718	15
92.06465	9.61718	15
92.26465	9.61718	15
92.46465	9.61718	15
92.66465	9.61718	15
92.86465	9.61718	15
90.86465	9.41718	15
91.06465	9.41718	15
91.26465	9.41718	15
91.46465	9.41718	15
91.66465	9.41718	15
91.86465	9.41718	15
92.06465	9.41718	15
92.26465	9.41718	15
92.46465	9.41718	15
92.66465	9.41718	15
92.86465	9.41718	15
90.86465	9.21718	15
91.06465	9.21718	15
91.26465	9.21718	15
91.46465	9.21718	15
91.66465	9.21718	15
91.86465	9.21718	15
92.06465	9.21718	15
92.26465	9.21718	15
92.46465	9.21718	15
92.66465	9.21718	15
92.86465	9.21718	15
93.06465	9.21718	15
90.86465	9.01718	15
91.06465	9.01718	15
91.26465	9.01718	15
91.46465	9.01718	15
91.66465	9.01718	15
91.86465	9.01718	15
92.06465	9.01718	15
92.26465	9.01718	15
92.46465	9.01718	15
92.66465	9.01718	15
92.86465	9.01718	15
93.06465	9.01718	15
90.86465	8.81718	15
91.06465	8.81718	15
91.26465	8.81718	15
91.46465	8.81718	15
91.66465	8.81718	15
91.86465	8.81718	15
92.06465	8.81718	15
92.26465	8.81718	15
92.46465	8.81718	15
92.66465	8.81718	15
92.86465	8.81718	15
93.06465	8.81718	15
93.26465	8.81718	15
90.86465	8.61718	15
91.06465	8.61718	15
91.26465	8.61718	15
91.46465	8.61718	15
91.66465	8.61718	15
91.86465	8.61718	15
92.06465	8.61718	15
92.26465	8.61718	15
92.46465	8.61718	15
92.66465	8.61718	15
92.86465	8.61718	15
93.06465	8.61718	15
93.26465	8.61718	15
90.86465	8.41718	15
91.06465	8.41718	15
91.26465	8.41718	15
91.46465	8.41718	15
91.66465	8.41718	15
91.86465	8.41718	15
92.06465	8.41718	15
92.26465	8.41718	15
92.46465	8.41718	15
92.66465	8.41718	15
92.86465	8.41718	15
93.06465	8.41718	15
93.26465	8.41718	15
93.46465	8.41718	15
90.86465	8.21718	15
91.06465	8.21718	15
91.26465	8.21718	15
91.46465	8.21718	15
91.66465	8.21718	15
91.86465	8.21718	15
92.06465	8.21718	15
92.26465	8.21718	15
92.46465	8.21718	15
92.66465	8.21718	15
92.86465	8.21718	15
93.06465	8.21718	15
93.26465	8.21718	15
93.46465	8.21718	15
93.66465	8.21718	15
90.86465	8.01718	15
91.06465	8.01718	15
91.26465	8.01718	15
91.46465	8.01718	15
91.66465	8.01718	15
91.86465	8.01718	15
92.06465	8.01718	15
92.26465	8.01718	15
92.46465	8.01718	15
92.66465	8.01718	15
92.86465	8.01718	15
93.06465	8.01718	15
93.26465	8.01718	15
93.46465	8.01718	15
93.66465	8.01718	15
90.86465	7.81718	15
91.06465	7.81718	15
91.26465	7.81718	15
91.46465	7.81718	15
91.66465	7.81718	15
91.86465	7.81718	15
92.06465	7.81718	15
92.26465	7.81718	15
92.46465	7.81718	15
92.66465	7.81718	15
92.86465	7.81718	15
93.06465	7.81718	15
93.26465	7.81718	15
93.46465	7.81718	15
93.66465	7.81718	15
93.86465	7.81718	15
91.06465	7.61718	15
91.26465	7.61718	15
91.46465	7.61718	15
91.66465	7.61718	15
91.86465	7.61718	15
92.06465	7.61718	15
92.26465	7.61718	15
92.46465	7.61718	15
92.66465	7.61718	15
92.86465	7.61718	15
93.06465	7.61718	15
93.26465	7.61718	15
93.46465	7.61718	15
93.66465	7.61718	15
93.86465	7.61718	15
91.06465	7.41718	15
91.26465	7.41718	15
91.46465	7.41718	15
91.66465	7.41718	15
91.86465	7.41718	15
92.06465	7.41718	15
92.26465	7.41718	15
92.46465	7.41718	15
92.66465	7.41718	15
92.86465	7.41718	15
93.06465	7.41718	15
93.26465	7.41718	15
93.46465	7.41718	15
93.66465	7.41718	15
93.86465	7.41718	15
91.26465	7.21718	15
91.46465	7.21718	15
91.66465	7.21718	15
91.86465	7.21718	15
92.06465	7.21718	15
92.26465	7.21718	15
92.46465	7.21718	15
92.66465	7.21718	15
92.86465	7.21718	15
93.06465	7.21718	15
93.26465	7.21718	15
93.46465	7.21718	15
93.66465	7.21718	15
93.86465	7.21718	15
94.06465	7.21718	15
91.26465	7.01718	15
91.46465	7.01718	15
91.66465	7.01718	15
91.86465	7.01718	15
92.06465	7.01718	15
92.26465	7.01718	15
92.46465	7.01718	15
92.66465	7.01718	15
92.86465	7.01718	15
93.06465	7.01718	15
93.26465	7.01718	15
93.46465	7.01718	15
93.66465	7.01718	15
93.86465	7.01718	15
94.06465	7.01718	15
91.46465	6.81718	15
91.66465	6.81718	15
91.86465	6.81718	15
92.06465	6.81718	15
92.26465	6.81718	15
92.46465	6.81718	15
92.66465	6.81718	15
92.86465	6.81718	15
93.06465	6.81718	15
93.26465	6.81718	15
93.46465	6.81718	15
93.66465	6.81718	15
93.86465	6.81718	15
94.06465	6.81718	15
91.66465	6.61718	15
91.86465	6.61718	15
92.06465	6.61718	15
92.26465	6.61718	15
92.46465	6.61718	15
92.66465	6.61718	15
92.86465	6.61718	15
93.06465	6.61718	15
93.26465	6.61718	15
93.46465	6.61718	15
93.66465	6.61718	15
93.86465	6.61718	15
94.06465	6.61718	15
91.66465	6.41718	15
91.86465	6.41718	15
92.06465	6.41718	15
92.26465	6.41718	15
92.46465	6.41718	15
92.66465	6.41718	15
92.86465	6.41718	15
93.06465	6.41718	15
93.26465	6.41718	15
93.46465	6.41718	15
93.66465	6.41718	15
93.86465	6.41718	15
94.06465	6.41718	15
91.66465	6.21718	15
91.86465	6.21718	15
92.06465	6.21718	15
92.26465	6.21718	15
92.46465	6.21718	15
92.66465	6.21718	15
92.86465	6.21718	15
93.06465	6.21718	15
93.26465	6.21718	15
93.46465	6.21718	15
93.66465	6.21718	15
93.86465	6.21718	15
94.06465	6.21718	15
91.66465	6.01718	15
91.86465	6.01718	15
92.06465	6.01718	15
92.26465	6.01718	15
92.46465	6.01718	15
92.66465	6.01718	15
92.86465	6.01718	15
93.06465	6.01718	15
93.26465	6.01718	15
93.46465	6.01718	15
93.66465	6.01718	15
93.86465	6.01718	15
94.06465	6.01718	15
91.66465	5.81718	15
91.86465	5.81718	15
92.06465	5.81718	15
92.26465	5.81718	15
92.46465	5.81718	15
92.66465	5.81718	15
92.86465	5.81718	15
93.06465	5.81718	15
93.26465	5.81718	15
93.46465	5.81718	15
93.66465	5.81718	15
93.86465	5.81718	15
94.06465	5.81718	15
91.66465	5.61718	15
91.86465	5.61718	15
92.06465	5.61718	15
92.26465	5.61718	15
92.46465	5.61718	15
92.66465	5.61718	15
92.86465	5.61718	15
93.06465	5.61718	15
93.26465	5.61718	15
93.46465	5.61718	15
93.66465	5.61718	15
93.86465	5.61718	15
94.06465	5.61718	15
94.26465	5.61718	15
91.66465	5.41718	15
91.86465	5.41718	15
92.06465	5.41718	15
92.26465	5.41718	15
92.46465	5.41718	15
92.66465	5.41718	15
92.86465	5.41718	15
93.06465	5.41718	15
93.26465	5.41718	15
93.46465	5.41718	15
93.66465	5.41718	15
93.86465	5.41718	15
94.06465	5.41718	15
94.26465	5.41718	15
91.66465	5.21718	15
91.86465	5.21718	15
92.06465	5.21718	15
92.26465	5.21718	15
92.46465	5.21718	15
92.66465	5.21718	15
92.86465	5.21718	15
93.06465	5.21718	15
93.26465	5.21718	15
93.46465	5.21718	15
93.66465	5.21718	15
93.86465	5.21718	15
94.06465	5.21718	15
94.26465	5.21718	15
91.66465	5.01718	15
91.86465	5.01718	15
92.06465	5.01718	15
92.26465	5.01718	15
92.46465	5.01718	15
92.66465	5.01718	15
92.86465	5.01718	15
93.06465	5.01718	15
93.26465	5.01718	15
93.46465	5.01718	15
93.66465	5.01718	15
93.86465	5.01718	15
94.06465	5.01718	15
94.26465	5.01718	15
91.86465	4.81718	15
92.06465	4.81718	15
92.26465	4.81718	15
92.46465	4.81718	15
92.66465	4.81718	15
92.86465	4.81718	15
93.06465	4.81718	15
93.26465	4.81718	15
93.46465	4.81718	15
93.66465	4.81718	15
93.86465	4.81718	15
94.06465	4.81718	15
94.26465	4.81718	15
94.46465	4.81718	15
91.86465	4.61718	15
92.06465	4.61718	15
92.26465	4.61718	15
92.46465	4.61718	15
92.66465	4.61718	15
92.86465	4.61718	15
93.06465	4.61718	15
93.26465	4.61718	15
93.46465	4.61718	15
93.66465	4.61718	15
93.86465	4.61718	15
94.06465	4.61718	15
94.26465	4.61718	15
94.46465	4.61718	15
91.86465	4.41718	15
92.06465	4.41718	15
92.26465	4.41718	15
92.46465	4.41718	15
92.66465	4.41718	15
92.86465	4.41718	15
93.06465	4.41718	15
93.26465	4.41718	15
93.46465	4.41718	15
93.66465	4.41718	15
93.86465	4.41718	15
94.06465	4.41718	15
94.26465	4.41718	15
94.46465	4.41718	15
91.86465	4.21718	15
92.06465	4.21718	15
92.26465	4.21718	15
92.46465	4.21718	15
92.66465	4.21718	15
92.86465	4.21718	15
93.06465	4.21718	15
93.26465	4.21718	15
93.46465	4.21718	15
93.66465	4.21718	15
93.86465	4.21718	15
94.06465	4.21718	15
94.26465	4.21718	15
94.46465	4.21718	15
94.66465	4.21718	15
92.06465	4.01718	15
92.26465	4.01718	15
92.46465	4.01718	15
92.66465	4.01718	15
92.86465	4.01718	15
93.06465	4.01718	15
93.26465	4.01718	15
93.46465	4.01718	15
93.66465	4.01718	15
93.86465	4.01718	15
94.06465	4.01718	15
94.26465	4.01718	15
94.46465	4.01718	15
94.66465	4.01718	15
94.86465	4.01718	15
92.06465	3.81718	15
92.26465	3.81718	15
92.46465	3.81718	15
92.66465	3.81718	15
92.86465	3.81718	15
93.06465	3.81718	15
93.26465	3.81718	15
93.46465	3.81718	15
93.66465	3.81718	15
93.86465	3.81718	15
94.06465	3.81718	15
94.26465	3.81718	15
94.46465	3.81718	15
94.66465	3.81718	15
94.86465	3.81718	15
95.06465	3.81718	15
92.06465	3.61718	15
92.26465	3.61718	15
92.46465	3.61718	15
92.66465	3.61718	15
92.86465	3.61718	15
93.06465	3.61718	15
93.26465	3.61718	15
93.46465	3.61718	15
93.66465	3.61718	15
93.86465	3.61718	15
94.06465	3.61718	15
94.26465	3.61718	15
94.46465	3.61718	15
94.66465	3.61718	15
94.86465	3.61718	15
95.06465	3.61718	15
95.26465	3.61718	15
95.46465	3.61718	15
92.26465	3.41718	15
92.46465	3.41718	15
92.66465	3.41718	15
92.86465	3.41718	15
93.06465	3.41718	15
93.26465	3.41718	15
93.46465	3.41718	15
93.66465	3.41718	15
93.86465	3.41718	15
94.06465	3.41718	15
94.26465	3.41718	15
94.46465	3.41718	15
94.66465	3.41718	15
94.86465	3.41718	15
95.06465	3.41718	15
95.26465	3.41718	15
95.46465	3.41718	15
95.66465	3.41718	15
95.86465	3.41718	15
92.26465	3.21718	15
92.46465	3.21718	15
92.66465	3.21718	15
92.86465	3.21718	15
93.06465	3.21718	15
93.26465	3.21718	15
93.46465	3.21718	15
93.66465	3.21718	15
93.86465	3.21718	15
94.06465	3.21718	15
94.26465	3.21718	15
94.46465	3.21718	15
94.66465	3.21718	15
94.86465	3.21718	15
95.06465	3.21718	15
95.26465	3.21718	15
95.46465	3.21718	15
95.66465	3.21718	15
95.86465	3.21718	15
96.06465	3.21718	15
92.46465	3.01718	15
92.66465	3.01718	15
92.86465	3.01718	15
93.06465	3.01718	15
93.26465	3.01718	15
93.46465	3.01718	15
93.66465	3.01718	15
93.86465	3.01718	15
94.06465	3.01718	15
94.26465	3.01718	15
94.46465	3.01718	15
94.66465	3.01718	15
94.86465	3.01718	15
95.06465	3.01718	15
95.26465	3.01718	15
95.46465	3.01718	15
95.66465	3.01718	15
95.86465	3.01718	15
96.06465	3.01718	15
96.26465	3.01718	15
96.46465	3.01718	15
92.46465	2.81718	15
92.66465	2.81718	15
92.86465	2.81718	15
93.06465	2.81718	15
93.26465	2.81718	15
93.46465	2.81718	15
93.66465	2.81718	15
93.86465	2.81718	15
94.06465	2.81718	15
94.26465	2.81718	15
94.46465	2.81718	15
94.66465	2.81718	15
94.86465	2.81718	15
95.06465	2.81718	15
95.26465	2.81718	15
95.46465	2.81718	15
95.66465	2.81718	15
95.86465	2.81718	15
96.06465	2.81718	15
96.26465	2.81718	15
96.46465	2.81718	15
96.66465	2.81718	15
92.66465	2.61718	15
92.86465	2.61718	15
93.06465	2.61718	15
93.26465	2.61718	15
93.46465	2.61718	15
93.66465	2.61718	15
93.86465	2.61718	15
94.06465	2.61718	15
94.26465	2.61718	15
94.46465	2.61718	15
94.66465	2.61718	15
94.86465	2.61718	15
95.06465	2.61718	15
95.26465	2.61718	15
95.46465	2.61718	15
95.66465	2.61718	15
95.86465	2.61718	15
96.06465	2.61718	15
96.26465	2.61718	15
96.46465	2.61718	15
96.66465	2.61718	15
96.86465	2.61718	15
92.86465	2.41718	15
93.06465	2.41718	15
93.26465	2.41718	15
93.46465	2.41718	15
93.66465	2.41718	15
93.86465	2.41718	15
94.06465	2.41718	15
94.26465	2.41718	15
94.46465	2.41718	15
94.66465	2.41718	15
94.86465	2.41718	15
95.06465	2.41718	15
95.26465	2.41718	15
95.46465	2.41718	15
95.66465	2.41718	15
95.86465	2.41718	15
96.06465	2.41718	15
96.26465	2.41718	15
96.46465	2.41718	15
96.66465	2.41718	15
96.86465	2.41718	15
97.06465	2.41718	15
93.06465	2.21718	15
93.26465	2.21718	15
93.46465	2.21718	15
93.66465	2.21718	15
93.86465	2.21718	15
94.06465	2.21718	15
94.26465	2.21718	15
94.46465	2.21718	15
94.66465	2.21718	15
94.86465	2.21718	15
95.06465	2.21718	15
95.26465	2.21718	15
95.46465	2.21718	15
95.66465	2.21718	15
95.86465	2.21718	15
96.06465	2.21718	15
96.26465	2.21718	15
96.46465	2.21718	15
96.66465	2.21718	15
96.86465	2.21718	15
97.06465	2.21718	15
97.26465	2.21718	15
93.26465	2.01718	15
93.46465	2.01718	15
93.66465	2.01718	15
93.86465	2.01718	15
94.06465	2.01718	15
94.26465	2.01718	15
94.46465	2.01718	15
94.66465	2.01718	15
94.86465	2.01718	15
95.06465	2.01718	15
95.26465	2.01718	15
95.46465	2.01718	15
95.66465	2.01718	15
95.86465	2.01718	15
96.06465	2.01718	15
96.26465	2.01718	15
96.46465	2.01718	15
96.66465	2.01718	15
96.86465	2.01718	15
97.06465	2.01718	15
97.26465	2.01718	15
97.46465	2.01718	15
93.46465	1.81718	15
93.66465	1.81718	15
93.86465	1.81718	15
94.06465	1.81718	15
94.26465	1.81718	15
94.46465	1.81718	15
94.66465	1.81718	15
94.86465	1.81718	15
95.06465	1.81718	15
95.26465	1.81718	15
95.46465	1.81718	15
95.66465	1.81718	15
95.86465	1.81718	15
96.06465	1.81718	15
96.26465	1.81718	15
96.46465	1.81718	15
96.66465	1.81718	15
96.86465	1.81718	15
97.06465	1.81718	15
97.26465	1.81718	15
97.46465	1.81718	15
93.66465	1.61718	15
93.86465	1.61718	15
94.06465	1.61718	15
94.26465	1.61718	15
94.46465	1.61718	15
94.66465	1.61718	15
94.86465	1.61718	15
95.06465	1.61718	15
95.26465	1.61718	15
95.46465	1.61718	15
95.66465	1.61718	15
95.86465	1.61718	15
96.06465	1.61718	15
96.26465	1.61718	15
96.46465	1.61718	15
96.66465	1.61718	15
96.86465	1.61718	15
97.06465	1.61718	15
97.26465	1.61718	15
97.46465	1.61718	15
97.66465	1.61718	15
94.06465	1.41718	15
94.26465	1.41718	15
94.46465	1.41718	15
94.66465	1.41718	15
94.86465	1.41718	15
95.06465	1.41718	15
95.26465	1.41718	15
95.46465	1.41718	15
95.66465	1.41718	15
95.86465	1.41718	15
96.06465	1.41718	15
96.26465	1.41718	15
96.46465	1.41718	15
96.66465	1.41718	15
96.86465	1.41718	15
97.06465	1.41718	15
97.26465	1.41718	15
97.46465	1.41718	15
97.66465	1.41718	15
97.86465	1.41718	15
94.46465	1.21718	15
94.66465	1.21718	15
94.86465	1.21718	15
95.06465	1.21718	15
95.26465	1.21718	15
95.46465	1.21718	15
95.66465	1.21718	15
95.86465	1.21718	15
96.06465	1.21718	15
96.26465	1.21718	15
96.46465	1.21718	15
96.66465	1.21718	15
96.86465	1.21718	15
97.06465	1.21718	15
97.26465	1.21718	15
97.46465	1.21718	15
97.66465	1.21718	15
97.86465	1.21718	15
94.66465	1.01718	15
94.86465	1.01718	15
95.06465	1.01718	15
95.26465	1.01718	15
95.46465	1.01718	15
95.66465	1.01718	15
95.86465	1.01718	15
96.06465	1.01718	15
96.26465	1.01718	15
96.46465	1.01718	15
96.66465	1.01718	15
96.86465	1.01718	15
97.06465	1.01718	15
97.26465	1.01718	15
97.46465	1.01718	15
97.66465	1.01718	15
97.86465	1.01718	15
98.06465	1.01718	15
95.06465	0.81718	15
95.26465	0.81718	15
95.46465	0.81718	15
95.66465	0.81718	15
95.86465	0.81718	15
96.06465	0.81718	15
96.26465	0.81718	15
96.46465	0.81718	15
96.66465	0.81718	15
96.86465	0.81718	15
97.06465	0.81718	15
97.26465	0.81718	15
97.46465	0.81718	15
97.66465	0.81718	15
97.86465	0.81718	15
98.06465	0.81718	15
95.26465	0.61718	15
95.46465	0.61718	15
95.66465	0.61718	15
95.86465	0.61718	15
96.06465	0.61718	15
96.26465	0.61718	15
96.46465	0.61718	15
96.66465	0.61718	15
96.86465	0.61718	15
97.06465	0.61718	15
97.26465	0.61718	15
97.46465	0.61718	15
97.66465	0.61718	15
97.86465	0.61718	15
98.06465	0.61718	15
98.26465	0.61718	15
95.46465	0.41718	15
95.66465	0.41718	15
95.86465	0.41718	15
96.06465	0.41718	15
96.26465	0.41718	15
96.46465	0.41718	15
96.66465	0.41718	15
96.86465	0.41718	15
97.06465	0.41718	15
97.26465	0.41718	15
97.46465	0.41718	15
97.66465	0.41718	15
97.86465	0.41718	15
98.06465	0.41718	15
98.26465	0.41718	15
98.46465	0.41718	15
95.66465	0.21718	15
95.86465	0.21718	15
96.06465	0.21718	15
96.26465	0.21718	15
96.46465	0.21718	15
96.66465	0.21718	15
96.86465	0.21718	15
97.06465	0.21718	15
97.26465	0.21718	15
97.46465	0.21718	15
97.66465	0.21718	15
97.86465	0.21718	15
98.06465	0.21718	15
98.26465	0.21718	15
98.46465	0.21718	15
98.66465	0.21718	15
95.66465	0.01718	15
95.86465	0.01718	15
96.06465	0.01718	15
96.26465	0.01718	15
96.46465	0.01718	15
96.66465	0.01718	15
96.86465	0.01718	15
97.06465	0.01718	15
97.26465	0.01718	15
97.46465	0.01718	15
97.66465	0.01718	15
97.86465	0.01718	15
98.06465	0.01718	15
98.26465	0.01718	15
98.46465	0.01718	15
98.66465	0.01718	15
95.86465	-0.18282	15
96.06465	-0.18282	15
96.26465	-0.18282	15
96.46465	-0.18282	15
96.66465	-0.18282	15
96.86465	-0.18282	15
97.06465	-0.18282	15
97.26465	-0.18282	15
97.46465	-0.18282	15
97.66465	-0.18282	15
97.86465	-0.18282	15
98.06465	-0.18282	15
98.26465	-0.18282	15
98.46465	-0.18282	15
98.66465	-0.18282	15
98.86465	-0.18282	15
95.86465	-0.38282	15
96.06465	-0.38282	15
96.26465	-0.38282	15
96.46465	-0.38282	15
96.66465	-0.38282	15
96.86465	-0.38282	15
97.06465	-0.38282	15
97.26465	-0.38282	15
97.46465	-0.38282	15
97.66465	-0.38282	15
97.86465	-0.38282	15
98.06465	-0.38282	15
98.26465	-0.38282	15
98.46465	-0.38282	15
98.66465	-0.38282	15
98.86465	-0.38282	15
96.06465	-0.58282	15
96.26465	-0.58282	15
96.46465	-0.58282	15
96.66465	-0.58282	15
96.86465	-0.58282	15
97.06465	-0.58282	15
97.26465	-0.58282	15
97.46465	-0.58282	15
97.66465	-0.58282	15
97.86465	-0.58282	15
98.06465	-0.58282	15
98.26465	-0.58282	15
98.46465	-0.58282	15
98.66465	-0.58282	15
98.86465	-0.58282	15
99.06465	-0.58282	15
96.06465	-0.78282	15
96.26465	-0.78282	15
96.46465	-0.78282	15
96.66465	-0.78282	15
96.86465	-0.78282	15
97.06465	-0.78282	15
97.26465	-0.78282	15
97.46465	-0.78282	15
97.66465	-0.78282	15
97.86465	-0.78282	15
98.06465	-0.78282	15
98.26465	-0.78282	15
98.46465	-0.78282	15
98.66465	-0.78282	15
98.86465	-0.78282	15
99.06465	-0.78282	15
96.26465	-0.98282	15
96.46465	-0.98282	15
96.66465	-0.98282	15
96.86465	-0.98282	15
97.06465	-0.98282	15
97.26465	-0.98282	15
97.46465	-0.98282	15
97.66465	-0.98282	15
97.86465	-0.98282	15
98.06465	-0.98282	15
98.26465	-0.98282	15
98.46465	-0.98282	15
98.66465	-0.98282	15
98.86465	-0.98282	15
99.06465	-0.98282	15
99.26465	-0.98282	15
96.46465	-1.18282	15
96.66465	-1.18282	15
96.86465	-1.18282	15
97.06465	-1.18282	15
97.26465	-1.18282	15
97.46465	-1.18282	15
97.66465	-1.18282	15
97.86465	-1.18282	15
98.06465	-1.18282	15
98.26465	-1.18282	15
98.46465	-1.18282	15
98.66465	-1.18282	15
98.86465	-1.18282	15
99.06465	-1.18282	15
99.26465	-1.18282	15
99.46465	-1.18282	15
96.66465	-1.38282	15
96.86465	-1.38282	15
97.06465	-1.38282	15
97.26465	-1.38282	15
97.46465	-1.38282	15
97.66465	-1.38282	15
97.86465	-1.38282	15
98.06465	-1.38282	15
98.26465	-1.38282	15
98.46465	-1.38282	15
98.66465	-1.38282	15
98.86465	-1.38282	15
99.06465	-1.38282	15
99.26465	-1.38282	15
99.46465	-1.38282	15
96.66465	-1.58282	15
96.86465	-1.58282	15
97.06465	-1.58282	15
97.26465	-1.58282	15
97.46465	-1.58282	15
97.66465	-1.58282	15
97.86465	-1.58282	15
98.06465	-1.58282	15
98.26465	-1.58282	15
98.46465	-1.58282	15
98.66465	-1.58282	15
98.86465	-1.58282	15
99.06465	-1.58282	15
99.26465	-1.58282	15
99.46465	-1.58282	15
99.66465	-1.58282	15
96.86465	-1.78282	15
97.06465	-1.78282	15
97.26465	-1.78282	15
97.46465	-1.78282	15
97.66465	-1.78282	15
97.86465	-1.78282	15
98.06465	-1.78282	15
98.26465	-1.78282	15
98.46465	-1.78282	15
98.66465	-1.78282	15
98.86465	-1.78282	15
99.06465	-1.78282	15
99.26465	-1.78282	15
99.46465	-1.78282	15
99.66465	-1.78282	15
99.86465	-1.78282	15
96.86465	-1.98282	15
97.06465	-1.98282	15
97.26465	-1.98282	15
97.46465	-1.98282	15
97.66465	-1.98282	15
97.86465	-1.98282	15
98.06465	-1.98282	15
98.26465	-1.98282	15
98.46465	-1.98282	15
98.66465	-1.98282	15
98.86465	-1.98282	15
99.06465	-1.98282	15
99.26465	-1.98282	15
99.46465	-1.98282	15
99.66465	-1.98282	15
99.86465	-1.98282	15
100.06465	-1.98282	15
97.06465	-2.18282	15
97.26465	-2.18282	15
97.46465	-2.18282	15
97.66465	-2.18282	15
97.86465	-2.18282	15
98.06465	-2.18282	15
98.26465	-2.18282	15
98.46465	-2.18282	15
98.66465	-2.18282	15
98.86465	-2.18282	15
99.06465	-2.18282	15
99.26465	-2.18282	15
99.46465	-2.18282	15
99.66465	-2.18282	15
99.86465	-2.18282	15
100.06465	-2.18282	15
100.26465	-2.18282	15
97.26465	-2.38282	15
97.46465	-2.38282	15
97.66465	-2.38282	15
97.86465	-2.38282	15
98.06465	-2.38282	15
98.26465	-2.38282	15
98.46465	-2.38282	15
98.66465	-2.38282	15
98.86465	-2.38282	15
99.06465	-2.38282	15
99.26465	-2.38282	15
99.46465	-2.38282	15
99.66465	-2.38282	15
99.86465	-2.38282	15
100.06465	-2.38282	15
100.26465	-2.38282	15
97.26465	-2.58282	15
97.46465	-2.58282	15
97.66465	-2.58282	15
97.86465	-2.58282	15
98.06465	-2.58282	15
98.26465	-2.58282	15
98.46465	-2.58282	15
98.66465	-2.58282	15
98.86465	-2.58282	15
99.06465	-2.58282	15
99.26465	-2.58282	15
99.46465	-2.58282	15
99.66465	-2.58282	15
99.86465	-2.58282	15
100.06465	-2.58282	15
100.26465	-2.58282	15
100.46465	-2.58282	15
97.46465	-2.78282	15
97.66465	-2.78282	15
97.86465	-2.78282	15
98.06465	-2.78282	15
98.26465	-2.78282	15
98.46465	-2.78282	15
98.66465	-2.78282	15
98.86465	-2.78282	15
99.06465	-2.78282	15
99.26465	-2.78282	15
99.46465	-2.78282	15
99.66465	-2.78282	15
99.86465	-2.78282	15
100.06465	-2.78282	15
100.26465	-2.78282	15
100.46465	-2.78282	15
100.66465	-2.78282	15
97.66465	-2.98282	15
97.86465	-2.98282	15
98.06465	-2.98282	15
98.26465	-2.98282	15
98.46465	-2.98282	15
98.66465	-2.98282	15
98.86465	-2.98282	15
99.06465	-2.98282	15
99.26465	-2.98282	15
99.46465	-2.98282	15
99.66465	-2.98282	15
99.86465	-2.98282	15
100.06465	-2.98282	15
100.26465	-2.98282	15
100.46465	-2.98282	15
100.66465	-2.98282	15
100.86465	-2.98282	15
97.66465	-3.18282	15
97.86465	-3.18282	15
98.06465	-3.18282	15
98.26465	-3.18282	15
98.46465	-3.18282	15
98.66465	-3.18282	15
98.86465	-3.18282	15
99.06465	-3.18282	15
99.26465	-3.18282	15
99.46465	-3.18282	15
99.66465	-3.18282	15
99.86465	-3.18282	15
100.06465	-3.18282	15
100.26465	-3.18282	15
100.46465	-3.18282	15
100.66465	-3.18282	15
100.86465	-3.18282	15
97.86465	-3.38282	15
98.06465	-3.38282	15
98.26465	-3.38282	15
98.46465	-3.38282	15
98.66465	-3.38282	15
98.86465	-3.38282	15
99.06465	-3.38282	15
99.26465	-3.38282	15
99.46465	-3.38282	15
99.66465	-3.38282	15
99.86465	-3.38282	15
100.06465	-3.38282	15
100.26465	-3.38282	15
100.46465	-3.38282	15
100.66465	-3.38282	15
100.86465	-3.38282	15
101.06465	-3.38282	15
98.06465	-3.58282	15
98.26465	-3.58282	15
98.46465	-3.58282	15
98.66465	-3.58282	15
98.86465	-3.58282	15
99.06465	-3.58282	15
99.26465	-3.58282	15
99.46465	-3.58282	15
99.66465	-3.58282	15
99.86465	-3.58282	15
100.06465	-3.58282	15
100.26465	-3.58282	15
100.46465	-3.58282	15
100.66465	-3.58282	15
100.86465	-3.58282	15
101.06465	-3.58282	15
101.26465	-3.58282	15
98.26465	-3.78282	15
98.46465	-3.78282	15
98.66465	-3.78282	15
98.86465	-3.78282	15
99.06465	-3.78282	15
99.26465	-3.78282	15
99.46465	-3.78282	15
99.66465	-3.78282	15
99.86465	-3.78282	15
100.06465	-3.78282	15
100.26465	-3.78282	15
100.46465	-3.78282	15
100.66465	-3.78282	15
100.86465	-3.78282	15
101.06465	-3.78282	15
101.26465	-3.78282	15
98.46465	-3.98282	15
98.66465	-3.98282	15
98.86465	-3.98282	15
99.06465	-3.98282	15
99.26465	-3.98282	15
99.46465	-3.98282	15
99.66465	-3.98282	15
99.86465	-3.98282	15
100.06465	-3.98282	15
100.26465	-3.98282	15
100.46465	-3.98282	15
100.66465	-3.98282	15
100.86465	-3.98282	15
101.06465	-3.98282	15
101.26465	-3.98282	15
101.46465	-3.98282	15
98.46465	-4.18282	15
98.66465	-4.18282	15
98.86465	-4.18282	15
99.06465	-4.18282	15
99.26465	-4.18282	15
99.46465	-4.18282	15
99.66465	-4.18282	15
99.86465	-4.18282	15
100.06465	-4.18282	15
100.26465	-4.18282	15
100.46465	-4.18282	15
100.66465	-4.18282	15
100.86465	-4.18282	15
101.06465	-4.18282	15
101.26465	-4.18282	15
101.46465	-4.18282	15
101.66465	-4.18282	15
98.66465	-4.38282	15
98.86465	-4.38282	15
99.06465	-4.38282	15
99.26465	-4.38282	15
99.46465	-4.38282	15
99.66465	-4.38282	15
99.86465	-4.38282	15
100.06465	-4.38282	15
100.26465	-4.38282	15
100.46465	-4.38282	15
100.66465	-4.38282	15
100.86465	-4.38282	15
101.06465	-4.38282	15
101.26465	-4.38282	15
101.46465	-4.38282	15
101.66465	-4.38282	15
101.86465	-4.38282	15
98.86465	-4.58282	15
99.06465	-4.58282	15
99.26465	-4.58282	15
99.46465	-4.58282	15
99.66465	-4.58282	15
99.86465	-4.58282	15
100.06465	-4.58282	15
100.26465	-4.58282	15
100.46465	-4.58282	15
100.66465	-4.58282	15
100.86465	-4.58282	15
101.06465	-4.58282	15
101.26465	-4.58282	15
101.46465	-4.58282	15
101.66465	-4.58282	15
101.86465	-4.58282	15
102.06465	-4.58282	15
98.86465	-4.78282	15
99.06465	-4.78282	15
99.26465	-4.78282	15
99.46465	-4.78282	15
99.66465	-4.78282	15
99.86465	-4.78282	15
100.06465	-4.78282	15
100.26465	-4.78282	15
100.46465	-4.78282	15
100.66465	-4.78282	15
100.86465	-4.78282	15
101.06465	-4.78282	15
101.26465	-4.78282	15
101.46465	-4.78282	15
101.66465	-4.78282	15
101.86465	-4.78282	15
102.06465	-4.78282	15
99.06465	-4.98282	15
99.26465	-4.98282	15
99.46465	-4.98282	15
99.66465	-4.98282	15
99.86465	-4.98282	15
100.06465	-4.98282	15
100.26465	-4.98282	15
100.46465	-4.98282	15
100.66465	-4.98282	15
100.86465	-4.98282	15
101.06465	-4.98282	15
101.26465	-4.98282	15
101.46465	-4.98282	15
101.66465	-4.98282	15
101.86465	-4.98282	15
102.06465	-4.98282	15
102.26465	-4.98282	15
99.26465	-5.18282	15
99.46465	-5.18282	15
99.66465	-5.18282	15
99.86465	-5.18282	15
100.06465	-5.18282	15
100.26465	-5.18282	15
100.46465	-5.18282	15
100.66465	-5.18282	15
100.86465	-5.18282	15
101.06465	-5.18282	15
101.26465	-5.18282	15
101.46465	-5.18282	15
101.66465	-5.18282	15
101.86465	-5.18282	15
102.06465	-5.18282	15
102.26465	-5.18282	15
102.46465	-5.18282	15
99.46465	-5.38282	15
99.66465	-5.38282	15
99.86465	-5.38282	15
100.06465	-5.38282	15
100.26465	-5.38282	15
100.46465	-5.38282	15
100.66465	-5.38282	15
100.86465	-5.38282	15
101.06465	-5.38282	15
101.26465	-5.38282	15
101.46465	-5.38282	15
101.66465	-5.38282	15
101.86465	-5.38282	15
102.06465	-5.38282	15
102.26465	-5.38282	15
102.46465	-5.38282	15
102.66465	-5.38282	15
99.46465	-5.58282	15
99.66465	-5.58282	15
99.86465	-5.58282	15
100.06465	-5.58282	15
100.26465	-5.58282	15
100.46465	-5.58282	15
100.66465	-5.58282	15
100.86465	-5.58282	15
101.06465	-5.58282	15
101.26465	-5.58282	15
101.46465	-5.58282	15
101.66465	-5.58282	15
101.86465	-5.58282	15
102.06465	-5.58282	15
102.26465	-5.58282	15
102.46465	-5.58282	15
102.66465	-5.58282	15
102.86465	-5.58282	15
99.66465	-5.78282	15
99.86465	-5.78282	15
100.06465	-5.78282	15
100.26465	-5.78282	15
100.46465	-5.78282	15
100.66465	-5.78282	15
100.86465	-5.78282	15
101.06465	-5.78282	15
101.26465	-5.78282	15
101.46465	-5.78282	15
101.66465	-5.78282	15
101.86465	-5.78282	15
102.06465	-5.78282	15
102.26465	-5.78282	15
102.46465	-5.78282	15
102.66465	-5.78282	15
102.86465	-5.78282	15
103.06465	-5.78282	15
99.86465	-5.98282	15
100.06465	-5.98282	15
100.26465	-5.98282	15
100.46465	-5.98282	15
100.66465	-5.98282	15
100.86465	-5.98282	15
101.06465	-5.98282	15
101.26465	-5.98282	15
101.46465	-5.98282	15
101.66465	-5.98282	15
101.86465	-5.98282	15
102.06465	-5.98282	15
102.26465	-5.98282	15
102.46465	-5.98282	15
102.66465	-5.98282	15
102.86465	-5.98282	15
103.06465	-5.98282	15
103.26465	-5.98282	15
100.06465	-6.18282	15
100.26465	-6.18282	15
100.46465	-6.18282	15
100.66465	-6.18282	15
100.86465	-6.18282	15
101.06465	-6.18282	15
101.26465	-6.18282	15
101.46465	-6.18282	15
101.66465	-6.18282	15
101.86465	-6.18282	15
102.06465	-6.18282	15
102.26465	-6.18282	15
102.46465	-6.18282	15
102.66465	-6.18282	15
102.86465	-6.18282	15
103.06465	-6.18282	15
103.26465	-6.18282	15
103.46465	-6.18282	15
100.06465	-6.38282	15
100.26465	-6.38282	15
100.46465	-6.38282	15
100.66465	-6.38282	15
100.86465	-6.38282	15
101.06465	-6.38282	15
101.26465	-6.38282	15
101.46465	-6.38282	15
101.66465	-6.38282	15
101.86465	-6.38282	15
102.06465	-6.38282	15
102.26465	-6.38282	15
102.46465	-6.38282	15
102.66465	-6.38282	15
102.86465	-6.38282	15
103.06465	-6.38282	15
103.26465	-6.38282	15
103.46465	-6.38282	15
103.66465	-6.38282	15
103.86465	-6.38282	15
100.26465	-6.58282	15
100.46465	-6.58282	15
100.66465	-6.58282	15
100.86465	-6.58282	15
101.06465	-6.58282	15
101.26465	-6.58282	15
101.46465	-6.58282	15
101.66465	-6.58282	15
101.86465	-6.58282	15
102.06465	-6.58282	15
102.26465	-6.58282	15
102.46465	-6.58282	15
102.66465	-6.58282	15
102.86465	-6.58282	15
103.06465	-6.58282	15
103.26465	-6.58282	15
103.46465	-6.58282	15
103.66465	-6.58282	15
103.86465	-6.58282	15
104.06465	-6.58282	15
104.26465	-6.58282	15
100.46465	-6.78282	15
100.66465	-6.78282	15
100.86465	-6.78282	15
101.06465	-6.78282	15
101.26465	-6.78282	15
101.46465	-6.78282	15
101.66465	-6.78282	15
101.86465	-6.78282	15
102.06465	-6.78282	15
102.26465	-6.78282	15
102.46465	-6.78282	15
102.66465	-6.78282	15
102.86465	-6.78282	15
103.06465	-6.78282	15
103.26465	-6.78282	15
103.46465	-6.78282	15
103.66465	-6.78282	15
103.86465	-6.78282	15
104.06465	-6.78282	15
104.26465	-6.78282	15
104.46465	-6.78282	15
104.66465	-6.78282	15
104.86465	-6.78282	15
100.66465	-6.98282	15
100.86465	-6.98282	15
101.06465	-6.98282	15
101.26465	-6.98282	15
101.46465	-6.98282	15
101.66465	-6.98282	15
101.86465	-6.98282	15
102.06465	-6.98282	15
102.26465	-6.98282	15
102.46465	-6.98282	15
102.66465	-6.98282	15
102.86465	-6.98282	15
103.06465	-6.98282	15
103.26465	-6.98282	15
103.46465	-6.98282	15
103.66465	-6.98282	15
103.86465	-6.98282	15
104.06465	-6.98282	15
104.26465	-6.98282	15
104.46465	-6.98282	15
104.66465	-6.98282	15
104.86465	-6.98282	15
105.06465	-6.98282	15
105.26465	-6.98282	15
100.86465	-7.18282	15
101.06465	-7.18282	15
101.26465	-7.18282	15
101.46465	-7.18282	15
101.66465	-7.18282	15
101.86465	-7.18282	15
102.06465	-7.18282	15
102.26465	-7.18282	15
102.46465	-7.18282	15
102.66465	-7.18282	15
102.86465	-7.18282	15
103.06465	-7.18282	15
103.26465	-7.18282	15
103.46465	-7.18282	15
103.66465	-7.18282	15
103.86465	-7.18282	15
104.06465	-7.18282	15
104.26465	-7.18282	15
104.46465	-7.18282	15
104.66465	-7.18282	15
104.86465	-7.18282	15
105.06465	-7.18282	15
105.26465	-7.18282	15
105.46465	-7.18282	15
101.06465	-7.38282	15
101.26465	-7.38282	15
101.46465	-7.38282	15
101.66465	-7.38282	15
101.86465	-7.38282	15
102.06465	-7.38282	15
102.26465	-7.38282	15
102.46465	-7.38282	15
102.66465	-7.38282	15
102.86465	-7.38282	15
103.06465	-7.38282	15
103.26465	-7.38282	15
103.46465	-7.38282	15
103.66465	-7.38282	15
103.86465	-7.38282	15
104.06465	-7.38282	15
104.26465	-7.38282	15
104.46465	-7.38282	15
104.66465	-7.38282	15
104.86465	-7.38282	15
105.06465	-7.38282	15
105.26465	-7.38282	15
105.46465	-7.38282	15
105.66465	-7.38282	15
105.86465	-7.38282	15
101.26465	-7.58282	15
101.46465	-7.58282	15
101.66465	-7.58282	15
101.86465	-7.58282	15
102.06465	-7.58282	15
102.26465	-7.58282	15
102.46465	-7.58282	15
102.66465	-7.58282	15
102.86465	-7.58282	15
103.06465	-7.58282	15
103.26465	-7.58282	15
103.46465	-7.58282	15
103.66465	-7.58282	15
103.86465	-7.58282	15
104.06465	-7.58282	15
104.26465	-7.58282	15
104.46465	-7.58282	15
104.66465	-7.58282	15
104.86465	-7.58282	15
105.06465	-7.58282	15
105.26465	-7.58282	15
105.46465	-7.58282	15
105.66465	-7.58282	15
105.86465	-7.58282	15
106.06465	-7.58282	15
106.26465	-7.58282	15
101.46465	-7.78282	15
101.66465	-7.78282	15
101.86465	-7.78282	15
102.06465	-7.78282	15
102.26465	-7.78282	15
102.46465	-7.78282	15
102.66465	-7.78282	15
102.86465	-7.78282	15
103.06465	-7.78282	15
103.26465	-7.78282	15
103.46465	-7.78282	15
103.66465	-7.78282	15
103.86465	-7.78282	15
104.06465	-7.78282	15
104.26465	-7.78282	15
104.46465	-7.78282	15
104.66465	-7.78282	15
104.86465	-7.78282	15
105.06465	-7.78282	15
105.26465	-7.78282	15
105.46465	-7.78282	15
105.66465	-7.78282	15
105.86465	-7.78282	15
106.06465	-7.78282	15
106.26465	-7.78282	15
106.46465	-7.78282	15
101.66465	-7.98282	15
101.86465	-7.98282	15
102.06465	-7.98282	15
102.26465	-7.98282	15
102.46465	-7.98282	15
102.66465	-7.98282	15
102.86465	-7.98282	15
103.06465	-7.98282	15
103.26465	-7.98282	15
103.46465	-7.98282	15
103.66465	-7.98282	15
103.86465	-7.98282	15
104.06465	-7.98282	15
104.26465	-7.98282	15
104.46465	-7.98282	15
104.66465	-7.98282	15
104.86465	-7.98282	15
105.06465	-7.98282	15
105.26465	-7.98282	15
105.46465	-7.98282	15
105.66465	-7.98282	15
105.86465	-7.98282	15
106.06465	-7.98282	15
106.26465	-7.98282	15
106.46465	-7.98282	15
106.66465	-7.98282	15
106.86465	-7.98282	15
101.86465	-8.18282	15
102.06465	-8.18282	15
102.26465	-8.18282	15
102.46465	-8.18282	15
102.66465	-8.18282	15
102.86465	-8.18282	15
103.06465	-8.18282	15
103.26465	-8.18282	15
103.46465	-8.18282	15
103.66465	-8.18282	15
103.86465	-8.18282	15
104.06465	-8.18282	15
104.26465	-8.18282	15
104.46465	-8.18282	15
104.66465	-8.18282	15
104.86465	-8.18282	15
105.06465	-8.18282	15
105.26465	-8.18282	15
105.46465	-8.18282	15
105.66465	-8.18282	15
105.86465	-8.18282	15
106.06465	-8.18282	15
106.26465	-8.18282	15
106.46465	-8.18282	15
106.66465	-8.18282	15
106.86465	-8.18282	15
107.06465	-8.18282	15
107.26465	-8.18282	15
102.06465	-8.38282	15
102.26465	-8.38282	15
102.46465	-8.38282	15
102.66465	-8.38282	15
102.86465	-8.38282	15
103.06465	-8.38282	15
103.26465	-8.38282	15
103.46465	-8.38282	15
103.66465	-8.38282	15
103.86465	-8.38282	15
104.06465	-8.38282	15
104.26465	-8.38282	15
104.46465	-8.38282	15
104.66465	-8.38282	15
104.86465	-8.38282	15
105.06465	-8.38282	15
105.26465	-8.38282	15
105.46465	-8.38282	15
105.66465	-8.38282	15
105.86465	-8.38282	15
106.06465	-8.38282	15
106.26465	-8.38282	15
106.46465	-8.38282	15
106.66465	-8.38282	15
106.86465	-8.38282	15
107.06465	-8.38282	15
107.26465	-8.38282	15
107.46465	-8.38282	15
107.66465	-8.38282	15
107.86465	-8.38282	15
102.46465	-8.58282	15
102.66465	-8.58282	15
102.86465	-8.58282	15
103.06465	-8.58282	15
103.26465	-8.58282	15
103.46465	-8.58282	15
103.66465	-8.58282	15
103.86465	-8.58282	15
104.06465	-8.58282	15
104.26465	-8.58282	15
104.46465	-8.58282	15
104.66465	-8.58282	15
104.86465	-8.58282	15
105.06465	-8.58282	15
105.26465	-8.58282	15
105.46465	-8.58282	15
105.66465	-8.58282	15
105.86465	-8.58282	15
106.06465	-8.58282	15
106.26465	-8.58282	15
106.46465	-8.58282	15
106.66465	-8.58282	15
106.86465	-8.58282	15
107.06465	-8.58282	15
107.26465	-8.58282	15
107.46465	-8.58282	15
107.66465	-8.58282	15
107.86465	-8.58282	15
108.06465	-8.58282	15
108.26465	-8.58282	15
108.46465	-8.58282	15
102.86465	-8.78282	15
103.06465	-8.78282	15
103.26465	-8.78282	15
103.46465	-8.78282	15
103.66465	-8.78282	15
103.86465	-8.78282	15
104.06465	-8.78282	15
104.26465	-8.78282	15
104.46465	-8.78282	15
104.66465	-8.78282	15
104.86465	-8.78282	15
105.06465	-8.78282	15
105.26465	-8.78282	15
105.46465	-8.78282	15
105.66465	-8.78282	15
105.86465	-8.78282	15
106.06465	-8.78282	15
106.26465	-8.78282	15
106.46465	-8.78282	15
106.66465	-8.78282	15
106.86465	-8.78282	15
107.06465	-8.78282	15
107.26465	-8.78282	15
107.46465	-8.78282	15
107.66465	-8.78282	15
107.86465	-8.78282	15
108.06465	-8.78282	15
108.26465	-8.78282	15
108.46465	-8.78282	15
108.66465	-8.78282	15
108.86465	-8.78282	15
109.06465	-8.78282	15
109.26465	-8.78282	15
109.46465	-8.78282	15
109.66465	-8.78282	15
109.86465	-8.78282	15
103.26465	-8.98282	15
103.46465	-8.98282	15
103.66465	-8.98282	15
103.86465	-8.98282	15
104.06465	-8.98282	15
104.26465	-8.98282	15
104.46465	-8.98282	15
104.66465	-8.98282	15
104.86465	-8.98282	15
105.06465	-8.98282	15
105.26465	-8.98282	15
105.46465	-8.98282	15
105.66465	-8.98282	15
105.86465	-8.98282	15
106.06465	-8.98282	15
106.26465	-8.98282	15
106.46465	-8.98282	15
106.66465	-8.98282	15
106.86465	-8.98282	15
107.06465	-8.98282	15
107.26465	-8.98282	15
107.46465	-8.98282	15
107.66465	-8.98282	15
107.86465	-8.98282	15
108.06465	-8.98282	15
108.26465	-8.98282	15
108.46465	-8.98282	15
108.66465	-8.98282	15
108.86465	-8.98282	15
109.06465	-8.98282	15
109.26465	-8.98282	15
109.46465	-8.98282	15
109.66465	-8.98282	15
109.86465	-8.98282	15
110.06465	-8.98282	15
110.26465	-8.98282	15
110.46465	-8.98282	15
110.66465	-8.98282	15
103.66465	-9.18282	15
103.86465	-9.18282	15
104.06465	-9.18282	15
104.26465	-9.18282	15
104.46465	-9.18282	15
104.66465	-9.18282	15
104.86465	-9.18282	15
105.06465	-9.18282	15
105.26465	-9.18282	15
105.46465	-9.18282	15
105.66465	-9.18282	15
105.86465	-9.18282	15
106.06465	-9.18282	15
106.26465	-9.18282	15
106.46465	-9.18282	15
106.66465	-9.18282	15
106.86465	-9.18282	15
107.06465	-9.18282	15
107.26465	-9.18282	15
107.46465	-9.18282	15
107.66465	-9.18282	15
107.86465	-9.18282	15
108.06465	-9.18282	15
108.26465	-9.18282	15
108.46465	-9.18282	15
108.66465	-9.18282	15
108.86465	-9.18282	15
109.06465	-9.18282	15
109.26465	-9.18282	15
109.46465	-9.18282	15
109.66465	-9.18282	15
109.86465	-9.18282	15
110.06465	-9.18282	15
110.26465	-9.18282	15
110.46465	-9.18282	15
110.66465	-9.18282	15
104.06465	-9.38282	15
104.26465	-9.38282	15
104.46465	-9.38282	15
104.66465	-9.38282	15
104.86465	-9.38282	15
105.06465	-9.38282	15
105.26465	-9.38282	15
105.46465	-9.38282	15
105.66465	-9.38282	15
105.86465	-9.38282	15
106.06465	-9.38282	15
106.26465	-9.38282	15
106.46465	-9.38282	15
106.66465	-9.38282	15
106.86465	-9.38282	15
107.06465	-9.38282	15
107.26465	-9.38282	15
107.46465	-9.38282	15
107.66465	-9.38282	15
107.86465	-9.38282	15
108.06465	-9.38282	15
108.26465	-9.38282	15
108.46465	-9.38282	15
108.66465	-9.38282	15
108.86465	-9.38282	15
109.06465	-9.38282	15
109.26465	-9.38282	15
109.46465	-9.38282	15
109.66465	-9.38282	15
109.86465	-9.38282	15
110.06465	-9.38282	15
110.26465	-9.38282	15
110.46465	-9.38282	15
110.66465	-9.38282	15
104.46465	-9.58282	15
104.66465	-9.58282	15
104.86465	-9.58282	15
105.06465	-9.58282	15
105.26465	-9.58282	15
105.46465	-9.58282	15
105.66465	-9.58282	15
105.86465	-9.58282	15
106.06465	-9.58282	15
106.26465	-9.58282	15
106.46465	-9.58282	15
106.66465	-9.58282	15
106.86465	-9.58282	15
107.06465	-9.58282	15
107.26465	-9.58282	15
107.46465	-9.58282	15
107.66465	-9.58282	15
107.86465	-9.58282	15
108.06465	-9.58282	15
108.26465	-9.58282	15
108.46465	-9.58282	15
108.66465	-9.58282	15
108.86465	-9.58282	15
109.06465	-9.58282	15
109.26465	-9.58282	15
109.46465	-9.58282	15
109.66465	-9.58282	15
109.86465	-9.58282	15
110.06465	-9.58282	15
110.26465	-9.58282	15
110.46465	-9.58282	15
110.66465	-9.58282	15
104.86465	-9.78282	15
105.06465	-9.78282	15
105.26465	-9.78282	15
105.46465	-9.78282	15
105.66465	-9.78282	15
105.86465	-9.78282	15
106.06465	-9.78282	15
106.26465	-9.78282	15
106.46465	-9.78282	15
106.66465	-9.78282	15
106.86465	-9.78282	15
107.06465	-9.78282	15
107.26465	-9.78282	15
107.46465	-9.78282	15
107.66465	-9.78282	15
107.86465	-9.78282	15
108.06465	-9.78282	15
108.26465	-9.78282	15
108.46465	-9.78282	15
108.66465	-9.78282	15
108.86465	-9.78282	15
109.06465	-9.78282	15
109.26465	-9.78282	15
109.46465	-9.78282	15
109.66465	-9.78282	15
109.86465	-9.78282	15
110.06465	-9.78282	15
110.26465	-9.78282	15
110.46465	-9.78282	15
110.66465	-9.78282	15
105.06465	-9.98282	15
105.26465	-9.98282	15
105.46465	-9.98282	15
105.66465	-9.98282	15
105.86465	-9.98282	15
106.06465	-9.98282	15
106.26465	-9.98282	15
106.46465	-9.98282	15
106.66465	-9.98282	15
106.86465	-9.98282	15
107.06465	-9.98282	15
107.26465	-9.98282	15
107.46465	-9.98282	15
107.66465	-9.98282	15
107.86465	-9.98282	15
108.06465	-9.98282	15
108.26465	-9.98282	15
108.46465	-9.98282	15
108.66465	-9.98282	15
108.86465	-9.98282	15
109.06465	-9.98282	15
109.26465	-9.98282	15
109.46465	-9.98282	15
109.66465	-9.98282	15
109.86465	-9.98282	15
110.06465	-9.98282	15
110.26465	-9.98282	15
110.46465	-9.98282	15
110.66465	-9.98282	15
105.46465	-10.18282	15
105.66465	-10.18282	15
105.86465	-10.18282	15
106.06465	-10.18282	15
106.26465	-10.18282	15
106.46465	-10.18282	15
106.66465	-10.18282	15
106.86465	-10.18282	15
107.06465	-10.18282	15
107.26465	-10.18282	15
107.46465	-10.18282	15
107.66465	-10.18282	15
107.86465	-10.18282	15
108.06465	-10.18282	15
108.26465	-10.18282	15
108.46465	-10.18282	15
108.66465	-10.18282	15
108.86465	-10.18282	15
109.06465	-10.18282	15
109.26465	-10.18282	15
109.46465	-10.18282	15
109.66465	-10.18282	15
109.86465	-10.18282	15
110.06465	-10.18282	15
110.26465	-10.18282	15
110.46465	-10.18282	15
110.66465	-10.18282	15
105.86465	-10.38282	15
106.06465	-10.38282	15
106.26465	-10.38282	15
106.46465	-10.38282	15
106.66465	-10.38282	15
106.86465	-10.38282	15
107.06465	-10.38282	15
107.26465	-10.38282	15
107.46465	-10.38282	15
107.66465	-10.38282	15
107.86465	-10.38282	15
108.06465	-10.38282	15
108.26465	-10.38282	15
108.46465	-10.38282	15
108.66465	-10.38282	15
108.86465	-10.38282	15
109.06465	-10.38282	15
109.26465	-10.38282	15
109.46465	-10.38282	15
109.66465	-10.38282	15
109.86465	-10.38282	15
110.06465	-10.38282	15
110.26465	-10.38282	15
110.46465	-10.38282	15
110.66465	-10.38282	15
106.26465	-10.58282	15
106.46465	-10.58282	15
106.66465	-10.58282	15
106.86465	-10.58282	15
107.06465	-10.58282	15
107.26465	-10.58282	15
107.46465	-10.58282	15
107.66465	-10.58282	15
107.86465	-10.58282	15
108.06465	-10.58282	15
108.26465	-10.58282	15
108.46465	-10.58282	15
108.66465	-10.58282	15
108.86465	-10.58282	15
109.06465	-10.58282	15
109.26465	-10.58282	15
109.46465	-10.58282	15
109.66465	-10.58282	15
109.86465	-10.58282	15
110.06465	-10.58282	15
110.26465	-10.58282	15
110.46465	-10.58282	15
110.66465	-10.58282	15
106.66465	-10.78282	15
106.86465	-10.78282	15
107.06465	-10.78282	15
107.26465	-10.78282	15
107.46465	-10.78282	15
107.66465	-10.78282	15
107.86465	-10.78282	15
108.06465	-10.78282	15
108.26465	-10.78282	15
108.46465	-10.78282	15
108.66465	-10.78282	15
108.86465	-10.78282	15
109.06465	-10.78282	15
109.26465	-10.78282	15
109.46465	-10.78282	15
109.66465	-10.78282	15
109.86465	-10.78282	15
110.06465	-10.78282	15
110.26465	-10.78282	15
110.46465	-10.78282	15
110.66465	-10.78282	15
