91.86107	9.81718	45
92.06107	9.81718	45
92.26107	9.81718	45
92.46107	9.81718	45
92.66107	9.81718	45
92.86107	9.81718	45
93.06107	9.81718	45
93.26107	9.81718	45
93.46107	9.81718	45
93.66107	9.81718	45
93.86107	9.81718	45
94.06107	9.81718	45
94.26107	9.81718	45
91.86107	9.61718	45
92.06107	9.61718	45
92.26107	9.61718	45
92.46107	9.61718	45
92.66107	9.61718	45
92.86107	9.61718	45
93.06107	9.61718	45
93.26107	9.61718	45
93.46107	9.61718	45
93.66107	9.61718	45
93.86107	9.61718	45
94.06107	9.61718	45
94.26107	9.61718	45
94.46107	9.61718	45
91.86107	9.41718	45
92.06107	9.41718	45
92.26107	9.41718	45
92.46107	9.41718	45
92.66107	9.41718	45
92.86107	9.41718	45
93.06107	9.41718	45
93.26107	9.41718	45
93.46107	9.41718	45
93.66107	9.41718	45
93.86107	9.41718	45
94.06107	9.41718	45
94.26107	9.41718	45
94.46107	9.41718	45
92.06107	9.21718	45
92.26107	9.21718	45
92.46107	9.21718	45
92.66107	9.21718	45
92.86107	9.21718	45
93.06107	9.21718	45
93.26107	9.21718	45
93.46107	9.21718	45
93.66107	9.21718	45
93.86107	9.21718	45
94.06107	9.21718	45
94.26107	9.21718	45
94.46107	9.21718	45
92.06107	9.01718	45
92.26107	9.01718	45
92.46107	9.01718	45
92.66107	9.01718	45
92.86107	9.01718	45
93.06107	9.01718	45
93.26107	9.01718	45
93.46107	9.01718	45
93.66107	9.01718	45
93.86107	9.01718	45
94.06107	9.01718	45
94.26107	9.01718	45
94.46107	9.01718	45
92.06107	8.81718	45
92.26107	8.81718	45
92.46107	8.81718	45
92.66107	8.81718	45
92.86107	8.81718	45
93.06107	8.81718	45
93.26107	8.81718	45
93.46107	8.81718	45
93.66107	8.81718	45
93.86107	8.81718	45
94.06107	8.81718	45
94.26107	8.81718	45
94.46107	8.81718	45
92.26107	8.61718	45
92.46107	8.61718	45
92.66107	8.61718	45
92.86107	8.61718	45
93.06107	8.61718	45
93.26107	8.61718	45
93.46107	8.61718	45
93.66107	8.61718	45
93.86107	8.61718	45
94.06107	8.61718	45
94.26107	8.61718	45
94.46107	8.61718	45
94.66107	8.61718	45
92.26107	8.41718	45
92.46107	8.41718	45
92.66107	8.41718	45
92.86107	8.41718	45
93.06107	8.41718	45
93.26107	8.41718	45
93.46107	8.41718	45
93.66107	8.41718	45
93.86107	8.41718	45
94.06107	8.41718	45
94.26107	8.41718	45
94.46107	8.41718	45
94.66107	8.41718	45
92.26107	8.21718	45
92.46107	8.21718	45
92.66107	8.21718	45
92.86107	8.21718	45
93.06107	8.21718	45
93.26107	8.21718	45
93.46107	8.21718	45
93.66107	8.21718	45
93.86107	8.21718	45
94.06107	8.21718	45
94.26107	8.21718	45
94.46107	8.21718	45
94.66107	8.21718	45
94.86107	8.21718	45
92.46107	8.01718	45
92.66107	8.01718	45
92.86107	8.01718	45
93.06107	8.01718	45
93.26107	8.01718	45
93.46107	8.01718	45
93.66107	8.01718	45
93.86107	8.01718	45
94.06107	8.01718	45
94.26107	8.01718	45
94.46107	8.01718	45
94.66107	8.01718	45
94.86107	8.01718	45
95.06107	8.01718	45
92.46107	7.81718	45
92.66107	7.81718	45
92.86107	7.81718	45
93.06107	7.81718	45
93.26107	7.81718	45
93.46107	7.81718	45
93.66107	7.81718	45
93.86107	7.81718	45
94.06107	7.81718	45
94.26107	7.81718	45
94.46107	7.81718	45
94.66107	7.81718	45
94.86107	7.81718	45
95.06107	7.81718	45
92.46107	7.61718	45
92.66107	7.61718	45
92.86107	7.61718	45
93.06107	7.61718	45
93.26107	7.61718	45
93.46107	7.61718	45
93.66107	7.61718	45
93.86107	7.61718	45
94.06107	7.61718	45
94.26107	7.61718	45
94.46107	7.61718	45
94.66107	7.61718	45
94.86107	7.61718	45
95.06107	7.61718	45
95.26107	7.61718	45
92.66107	7.41718	45
92.86107	7.41718	45
93.06107	7.41718	45
93.26107	7.41718	45
93.46107	7.41718	45
93.66107	7.41718	45
93.86107	7.41718	45
94.06107	7.41718	45
94.26107	7.41718	45
94.46107	7.41718	45
94.66107	7.41718	45
94.86107	7.41718	45
95.06107	7.41718	45
95.26107	7.41718	45
95.46107	7.41718	45
92.66107	7.21718	45
92.86107	7.21718	45
93.06107	7.21718	45
93.26107	7.21718	45
93.46107	7.21718	45
93.66107	7.21718	45
93.86107	7.21718	45
94.06107	7.21718	45
94.26107	7.21718	45
94.46107	7.21718	45
94.66107	7.21718	45
94.86107	7.21718	45
95.06107	7.21718	45
95.26107	7.21718	45
95.46107	7.21718	45
95.66107	7.21718	45
92.86107	7.01718	45
93.06107	7.01718	45
93.26107	7.01718	45
93.46107	7.01718	45
93.66107	7.01718	45
93.86107	7.01718	45
94.06107	7.01718	45
94.26107	7.01718	45
94.46107	7.01718	45
94.66107	7.01718	45
94.86107	7.01718	45
95.06107	7.01718	45
95.26107	7.01718	45
95.46107	7.01718	45
95.66107	7.01718	45
95.86107	7.01718	45
92.86107	6.81718	45
93.06107	6.81718	45
93.26107	6.81718	45
93.46107	6.81718	45
93.66107	6.81718	45
93.86107	6.81718	45
94.06107	6.81718	45
94.26107	6.81718	45
94.46107	6.81718	45
94.66107	6.81718	45
94.86107	6.81718	45
95.06107	6.81718	45
95.26107	6.81718	45
95.46107	6.81718	45
95.66107	6.81718	45
95.86107	6.81718	45
96.06107	6.81718	45
92.86107	6.61718	45
93.06107	6.61718	45
93.26107	6.61718	45
93.46107	6.61718	45
93.66107	6.61718	45
93.86107	6.61718	45
94.06107	6.61718	45
94.26107	6.61718	45
94.46107	6.61718	45
94.66107	6.61718	45
94.86107	6.61718	45
95.06107	6.61718	45
95.26107	6.61718	45
95.46107	6.61718	45
95.66107	6.61718	45
95.86107	6.61718	45
96.06107	6.61718	45
93.06107	6.41718	45
93.26107	6.41718	45
93.46107	6.41718	45
93.66107	6.41718	45
93.86107	6.41718	45
94.06107	6.41718	45
94.26107	6.41718	45
94.46107	6.41718	45
94.66107	6.41718	45
94.86107	6.41718	45
95.06107	6.41718	45
95.26107	6.41718	45
95.46107	6.41718	45
95.66107	6.41718	45
95.86107	6.41718	45
96.06107	6.41718	45
96.26107	6.41718	45
93.06107	6.21718	45
93.26107	6.21718	45
93.46107	6.21718	45
93.66107	6.21718	45
93.86107	6.21718	45
94.06107	6.21718	45
94.26107	6.21718	45
94.46107	6.21718	45
94.66107	6.21718	45
94.86107	6.21718	45
95.06107	6.21718	45
95.26107	6.21718	45
95.46107	6.21718	45
95.66107	6.21718	45
95.86107	6.21718	45
96.06107	6.21718	45
96.26107	6.21718	45
96.46107	6.21718	45
93.26107	6.01718	45
93.46107	6.01718	45
93.66107	6.01718	45
93.86107	6.01718	45
94.06107	6.01718	45
94.26107	6.01718	45
94.46107	6.01718	45
94.66107	6.01718	45
94.86107	6.01718	45
95.06107	6.01718	45
95.26107	6.01718	45
95.46107	6.01718	45
95.66107	6.01718	45
95.86107	6.01718	45
96.06107	6.01718	45
96.26107	6.01718	45
96.46107	6.01718	45
96.66107	6.01718	45
93.46107	5.81718	45
93.66107	5.81718	45
93.86107	5.81718	45
94.06107	5.81718	45
94.26107	5.81718	45
94.46107	5.81718	45
94.66107	5.81718	45
94.86107	5.81718	45
95.06107	5.81718	45
95.26107	5.81718	45
95.46107	5.81718	45
95.66107	5.81718	45
95.86107	5.81718	45
96.06107	5.81718	45
96.26107	5.81718	45
96.46107	5.81718	45
96.66107	5.81718	45
93.66107	5.61718	45
93.86107	5.61718	45
94.06107	5.61718	45
94.26107	5.61718	45
94.46107	5.61718	45
94.66107	5.61718	45
94.86107	5.61718	45
95.06107	5.61718	45
95.26107	5.61718	45
95.46107	5.61718	45
95.66107	5.61718	45
95.86107	5.61718	45
96.06107	5.61718	45
96.26107	5.61718	45
96.46107	5.61718	45
96.66107	5.61718	45
96.86107	5.61718	45
93.86107	5.41718	45
94.06107	5.41718	45
94.26107	5.41718	45
94.46107	5.41718	45
94.66107	5.41718	45
94.86107	5.41718	45
95.06107	5.41718	45
95.26107	5.41718	45
95.46107	5.41718	45
95.66107	5.41718	45
95.86107	5.41718	45
96.06107	5.41718	45
96.26107	5.41718	45
96.46107	5.41718	45
96.66107	5.41718	45
96.86107	5.41718	45
97.06107	5.41718	45
94.06107	5.21718	45
94.26107	5.21718	45
94.46107	5.21718	45
94.66107	5.21718	45
94.86107	5.21718	45
95.06107	5.21718	45
95.26107	5.21718	45
95.46107	5.21718	45
95.66107	5.21718	45
95.86107	5.21718	45
96.06107	5.21718	45
96.26107	5.21718	45
96.46107	5.21718	45
96.66107	5.21718	45
96.86107	5.21718	45
97.06107	5.21718	45
97.26107	5.21718	45
94.06107	5.01718	45
94.26107	5.01718	45
94.46107	5.01718	45
94.66107	5.01718	45
94.86107	5.01718	45
95.06107	5.01718	45
95.26107	5.01718	45
95.46107	5.01718	45
95.66107	5.01718	45
95.86107	5.01718	45
96.06107	5.01718	45
96.26107	5.01718	45
96.46107	5.01718	45
96.66107	5.01718	45
96.86107	5.01718	45
97.06107	5.01718	45
97.26107	5.01718	45
97.46107	5.01718	45
94.26107	4.81718	45
94.46107	4.81718	45
94.66107	4.81718	45
94.86107	4.81718	45
95.06107	4.81718	45
95.26107	4.81718	45
95.46107	4.81718	45
95.66107	4.81718	45
95.86107	4.81718	45
96.06107	4.81718	45
96.26107	4.81718	45
96.46107	4.81718	45
96.66107	4.81718	45
96.86107	4.81718	45
97.06107	4.81718	45
97.26107	4.81718	45
97.46107	4.81718	45
97.66107	4.81718	45
98.06107	4.81718	45
98.26107	4.81718	45
98.46107	4.81718	45
98.66107	4.81718	45
98.86107	4.81718	45
99.06107	4.81718	45
94.26107	4.61718	45
94.46107	4.61718	45
94.66107	4.61718	45
94.86107	4.61718	45
95.06107	4.61718	45
95.26107	4.61718	45
95.46107	4.61718	45
95.66107	4.61718	45
95.86107	4.61718	45
96.06107	4.61718	45
96.26107	4.61718	45
96.46107	4.61718	45
96.66107	4.61718	45
96.86107	4.61718	45
97.06107	4.61718	45
97.26107	4.61718	45
97.46107	4.61718	45
97.66107	4.61718	45
97.86107	4.61718	45
98.06107	4.61718	45
98.26107	4.61718	45
98.46107	4.61718	45
98.66107	4.61718	45
98.86107	4.61718	45
99.06107	4.61718	45
99.26107	4.61718	45
99.46107	4.61718	45
99.66107	4.61718	45
94.46107	4.41718	45
94.66107	4.41718	45
94.86107	4.41718	45
95.06107	4.41718	45
95.26107	4.41718	45
95.46107	4.41718	45
95.66107	4.41718	45
95.86107	4.41718	45
96.06107	4.41718	45
96.26107	4.41718	45
96.46107	4.41718	45
96.66107	4.41718	45
96.86107	4.41718	45
97.06107	4.41718	45
97.26107	4.41718	45
97.46107	4.41718	45
97.66107	4.41718	45
97.86107	4.41718	45
98.06107	4.41718	45
98.26107	4.41718	45
98.46107	4.41718	45
98.66107	4.41718	45
98.86107	4.41718	45
99.06107	4.41718	45
99.26107	4.41718	45
99.46107	4.41718	45
99.66107	4.41718	45
99.86107	4.41718	45
100.06107	4.41718	45
94.46107	4.21718	45
94.66107	4.21718	45
94.86107	4.21718	45
95.06107	4.21718	45
95.26107	4.21718	45
95.46107	4.21718	45
95.66107	4.21718	45
95.86107	4.21718	45
96.06107	4.21718	45
96.26107	4.21718	45
96.46107	4.21718	45
96.66107	4.21718	45
96.86107	4.21718	45
97.06107	4.21718	45
97.26107	4.21718	45
97.46107	4.21718	45
97.66107	4.21718	45
97.86107	4.21718	45
98.06107	4.21718	45
98.26107	4.21718	45
98.46107	4.21718	45
98.66107	4.21718	45
98.86107	4.21718	45
99.06107	4.21718	45
99.26107	4.21718	45
99.46107	4.21718	45
99.66107	4.21718	45
99.86107	4.21718	45
100.06107	4.21718	45
100.26107	4.21718	45
94.46107	4.01718	45
94.66107	4.01718	45
94.86107	4.01718	45
95.06107	4.01718	45
95.26107	4.01718	45
95.46107	4.01718	45
95.66107	4.01718	45
95.86107	4.01718	45
96.06107	4.01718	45
96.26107	4.01718	45
96.46107	4.01718	45
96.66107	4.01718	45
96.86107	4.01718	45
97.06107	4.01718	45
97.26107	4.01718	45
97.46107	4.01718	45
97.66107	4.01718	45
97.86107	4.01718	45
98.06107	4.01718	45
98.26107	4.01718	45
98.46107	4.01718	45
98.66107	4.01718	45
98.86107	4.01718	45
99.06107	4.01718	45
99.26107	4.01718	45
99.46107	4.01718	45
99.66107	4.01718	45
99.86107	4.01718	45
100.06107	4.01718	45
100.26107	4.01718	45
100.46107	4.01718	45
94.46107	3.81718	45
94.66107	3.81718	45
94.86107	3.81718	45
95.06107	3.81718	45
95.26107	3.81718	45
95.46107	3.81718	45
95.66107	3.81718	45
95.86107	3.81718	45
96.06107	3.81718	45
96.26107	3.81718	45
96.46107	3.81718	45
96.66107	3.81718	45
96.86107	3.81718	45
97.06107	3.81718	45
97.26107	3.81718	45
97.46107	3.81718	45
97.66107	3.81718	45
97.86107	3.81718	45
98.06107	3.81718	45
98.26107	3.81718	45
98.46107	3.81718	45
98.66107	3.81718	45
98.86107	3.81718	45
99.06107	3.81718	45
99.26107	3.81718	45
99.46107	3.81718	45
99.66107	3.81718	45
99.86107	3.81718	45
100.06107	3.81718	45
100.26107	3.81718	45
100.46107	3.81718	45
100.66107	3.81718	45
94.46107	3.61718	45
94.66107	3.61718	45
94.86107	3.61718	45
95.06107	3.61718	45
95.26107	3.61718	45
95.46107	3.61718	45
95.66107	3.61718	45
95.86107	3.61718	45
96.06107	3.61718	45
96.26107	3.61718	45
96.46107	3.61718	45
96.66107	3.61718	45
96.86107	3.61718	45
97.06107	3.61718	45
97.26107	3.61718	45
97.46107	3.61718	45
97.66107	3.61718	45
97.86107	3.61718	45
98.06107	3.61718	45
98.26107	3.61718	45
98.46107	3.61718	45
98.66107	3.61718	45
98.86107	3.61718	45
99.06107	3.61718	45
99.26107	3.61718	45
99.46107	3.61718	45
99.66107	3.61718	45
99.86107	3.61718	45
100.06107	3.61718	45
100.26107	3.61718	45
100.46107	3.61718	45
100.66107	3.61718	45
100.86107	3.61718	45
94.66107	3.41718	45
94.86107	3.41718	45
95.06107	3.41718	45
95.26107	3.41718	45
95.46107	3.41718	45
95.66107	3.41718	45
95.86107	3.41718	45
96.06107	3.41718	45
96.26107	3.41718	45
96.46107	3.41718	45
96.66107	3.41718	45
96.86107	3.41718	45
97.06107	3.41718	45
97.26107	3.41718	45
97.46107	3.41718	45
97.66107	3.41718	45
97.86107	3.41718	45
98.06107	3.41718	45
98.26107	3.41718	45
98.46107	3.41718	45
98.66107	3.41718	45
98.86107	3.41718	45
99.06107	3.41718	45
99.26107	3.41718	45
99.46107	3.41718	45
99.66107	3.41718	45
99.86107	3.41718	45
100.06107	3.41718	45
100.26107	3.41718	45
100.46107	3.41718	45
100.66107	3.41718	45
100.86107	3.41718	45
94.66107	3.21718	45
94.86107	3.21718	45
95.06107	3.21718	45
95.26107	3.21718	45
95.46107	3.21718	45
95.66107	3.21718	45
95.86107	3.21718	45
96.06107	3.21718	45
96.26107	3.21718	45
96.46107	3.21718	45
96.66107	3.21718	45
96.86107	3.21718	45
97.06107	3.21718	45
97.26107	3.21718	45
97.46107	3.21718	45
97.66107	3.21718	45
97.86107	3.21718	45
98.06107	3.21718	45
98.26107	3.21718	45
98.46107	3.21718	45
98.66107	3.21718	45
98.86107	3.21718	45
99.06107	3.21718	45
99.26107	3.21718	45
99.46107	3.21718	45
99.66107	3.21718	45
99.86107	3.21718	45
100.06107	3.21718	45
100.26107	3.21718	45
100.46107	3.21718	45
100.66107	3.21718	45
100.86107	3.21718	45
101.06107	3.21718	45
94.86107	3.01718	45
95.06107	3.01718	45
95.26107	3.01718	45
95.46107	3.01718	45
95.66107	3.01718	45
95.86107	3.01718	45
96.06107	3.01718	45
96.26107	3.01718	45
96.46107	3.01718	45
96.66107	3.01718	45
96.86107	3.01718	45
97.06107	3.01718	45
97.26107	3.01718	45
97.46107	3.01718	45
97.66107	3.01718	45
97.86107	3.01718	45
98.06107	3.01718	45
98.26107	3.01718	45
98.46107	3.01718	45
98.66107	3.01718	45
98.86107	3.01718	45
99.06107	3.01718	45
99.26107	3.01718	45
99.46107	3.01718	45
99.66107	3.01718	45
99.86107	3.01718	45
100.06107	3.01718	45
100.26107	3.01718	45
100.46107	3.01718	45
100.66107	3.01718	45
100.86107	3.01718	45
101.06107	3.01718	45
95.06107	2.81718	45
95.26107	2.81718	45
95.46107	2.81718	45
95.66107	2.81718	45
95.86107	2.81718	45
96.06107	2.81718	45
96.26107	2.81718	45
96.46107	2.81718	45
96.66107	2.81718	45
96.86107	2.81718	45
97.06107	2.81718	45
97.26107	2.81718	45
97.46107	2.81718	45
97.66107	2.81718	45
97.86107	2.81718	45
98.06107	2.81718	45
98.26107	2.81718	45
98.46107	2.81718	45
98.66107	2.81718	45
98.86107	2.81718	45
99.06107	2.81718	45
99.26107	2.81718	45
99.46107	2.81718	45
99.66107	2.81718	45
99.86107	2.81718	45
100.06107	2.81718	45
100.26107	2.81718	45
100.46107	2.81718	45
100.66107	2.81718	45
100.86107	2.81718	45
101.06107	2.81718	45
95.26107	2.61718	45
95.46107	2.61718	45
95.66107	2.61718	45
95.86107	2.61718	45
96.06107	2.61718	45
96.26107	2.61718	45
96.46107	2.61718	45
96.66107	2.61718	45
96.86107	2.61718	45
97.06107	2.61718	45
97.26107	2.61718	45
97.46107	2.61718	45
97.66107	2.61718	45
97.86107	2.61718	45
98.06107	2.61718	45
98.26107	2.61718	45
98.46107	2.61718	45
98.66107	2.61718	45
98.86107	2.61718	45
99.06107	2.61718	45
99.26107	2.61718	45
99.46107	2.61718	45
99.66107	2.61718	45
99.86107	2.61718	45
100.06107	2.61718	45
100.26107	2.61718	45
100.46107	2.61718	45
100.66107	2.61718	45
100.86107	2.61718	45
101.06107	2.61718	45
101.26107	2.61718	45
95.46107	2.41718	45
95.66107	2.41718	45
95.86107	2.41718	45
96.06107	2.41718	45
96.26107	2.41718	45
96.46107	2.41718	45
96.66107	2.41718	45
96.86107	2.41718	45
97.06107	2.41718	45
97.26107	2.41718	45
97.46107	2.41718	45
97.66107	2.41718	45
97.86107	2.41718	45
98.06107	2.41718	45
98.26107	2.41718	45
98.46107	2.41718	45
98.66107	2.41718	45
98.86107	2.41718	45
99.06107	2.41718	45
99.26107	2.41718	45
99.46107	2.41718	45
99.66107	2.41718	45
99.86107	2.41718	45
100.06107	2.41718	45
100.26107	2.41718	45
100.46107	2.41718	45
100.66107	2.41718	45
100.86107	2.41718	45
101.06107	2.41718	45
101.26107	2.41718	45
95.46107	2.21718	45
95.66107	2.21718	45
95.86107	2.21718	45
96.06107	2.21718	45
96.26107	2.21718	45
96.46107	2.21718	45
96.66107	2.21718	45
96.86107	2.21718	45
97.06107	2.21718	45
97.26107	2.21718	45
97.46107	2.21718	45
97.66107	2.21718	45
97.86107	2.21718	45
98.06107	2.21718	45
98.26107	2.21718	45
98.46107	2.21718	45
98.66107	2.21718	45
98.86107	2.21718	45
99.06107	2.21718	45
99.26107	2.21718	45
99.46107	2.21718	45
99.66107	2.21718	45
99.86107	2.21718	45
100.06107	2.21718	45
100.26107	2.21718	45
100.46107	2.21718	45
100.66107	2.21718	45
100.86107	2.21718	45
101.06107	2.21718	45
101.26107	2.21718	45
95.86107	2.01718	45
96.06107	2.01718	45
96.26107	2.01718	45
96.46107	2.01718	45
96.66107	2.01718	45
96.86107	2.01718	45
97.06107	2.01718	45
97.26107	2.01718	45
97.46107	2.01718	45
97.66107	2.01718	45
97.86107	2.01718	45
98.06107	2.01718	45
98.26107	2.01718	45
98.46107	2.01718	45
98.66107	2.01718	45
98.86107	2.01718	45
99.06107	2.01718	45
99.26107	2.01718	45
99.46107	2.01718	45
99.66107	2.01718	45
99.86107	2.01718	45
100.06107	2.01718	45
100.26107	2.01718	45
100.46107	2.01718	45
100.66107	2.01718	45
100.86107	2.01718	45
101.06107	2.01718	45
101.26107	2.01718	45
96.06107	1.81718	45
96.26107	1.81718	45
96.46107	1.81718	45
96.66107	1.81718	45
96.86107	1.81718	45
97.06107	1.81718	45
97.26107	1.81718	45
97.46107	1.81718	45
97.66107	1.81718	45
97.86107	1.81718	45
98.06107	1.81718	45
98.26107	1.81718	45
98.46107	1.81718	45
98.66107	1.81718	45
98.86107	1.81718	45
99.06107	1.81718	45
99.26107	1.81718	45
99.46107	1.81718	45
99.66107	1.81718	45
99.86107	1.81718	45
100.06107	1.81718	45
100.26107	1.81718	45
100.46107	1.81718	45
100.66107	1.81718	45
100.86107	1.81718	45
101.06107	1.81718	45
101.26107	1.81718	45
96.26107	1.61718	45
96.46107	1.61718	45
96.66107	1.61718	45
96.86107	1.61718	45
97.06107	1.61718	45
97.26107	1.61718	45
97.46107	1.61718	45
97.66107	1.61718	45
97.86107	1.61718	45
98.06107	1.61718	45
98.26107	1.61718	45
98.46107	1.61718	45
98.66107	1.61718	45
98.86107	1.61718	45
99.06107	1.61718	45
99.26107	1.61718	45
99.46107	1.61718	45
99.66107	1.61718	45
99.86107	1.61718	45
100.06107	1.61718	45
100.26107	1.61718	45
100.46107	1.61718	45
100.66107	1.61718	45
100.86107	1.61718	45
101.06107	1.61718	45
101.26107	1.61718	45
101.46107	1.61718	45
96.46107	1.41718	45
96.66107	1.41718	45
96.86107	1.41718	45
97.06107	1.41718	45
97.26107	1.41718	45
97.46107	1.41718	45
97.66107	1.41718	45
97.86107	1.41718	45
98.06107	1.41718	45
98.26107	1.41718	45
98.46107	1.41718	45
98.66107	1.41718	45
98.86107	1.41718	45
99.06107	1.41718	45
99.26107	1.41718	45
99.46107	1.41718	45
99.66107	1.41718	45
99.86107	1.41718	45
100.06107	1.41718	45
100.26107	1.41718	45
100.46107	1.41718	45
100.66107	1.41718	45
100.86107	1.41718	45
101.06107	1.41718	45
101.26107	1.41718	45
101.46107	1.41718	45
101.66107	1.41718	45
96.86107	1.21718	45
97.06107	1.21718	45
97.26107	1.21718	45
97.46107	1.21718	45
97.66107	1.21718	45
97.86107	1.21718	45
98.06107	1.21718	45
98.26107	1.21718	45
98.46107	1.21718	45
98.66107	1.21718	45
98.86107	1.21718	45
99.06107	1.21718	45
99.26107	1.21718	45
99.46107	1.21718	45
99.66107	1.21718	45
99.86107	1.21718	45
100.06107	1.21718	45
100.26107	1.21718	45
100.46107	1.21718	45
100.66107	1.21718	45
100.86107	1.21718	45
101.06107	1.21718	45
101.26107	1.21718	45
101.46107	1.21718	45
101.66107	1.21718	45
101.86107	1.21718	45
102.06107	1.21718	45
97.26107	1.01718	45
97.46107	1.01718	45
97.66107	1.01718	45
97.86107	1.01718	45
98.06107	1.01718	45
98.26107	1.01718	45
98.46107	1.01718	45
98.66107	1.01718	45
98.86107	1.01718	45
99.06107	1.01718	45
99.26107	1.01718	45
99.46107	1.01718	45
99.66107	1.01718	45
99.86107	1.01718	45
100.06107	1.01718	45
100.26107	1.01718	45
100.46107	1.01718	45
100.66107	1.01718	45
100.86107	1.01718	45
101.06107	1.01718	45
101.26107	1.01718	45
101.46107	1.01718	45
101.66107	1.01718	45
101.86107	1.01718	45
102.06107	1.01718	45
102.26107	1.01718	45
102.46107	1.01718	45
102.66107	1.01718	45
97.66107	0.81718	45
97.86107	0.81718	45
98.06107	0.81718	45
98.26107	0.81718	45
98.46107	0.81718	45
98.66107	0.81718	45
98.86107	0.81718	45
99.06107	0.81718	45
99.26107	0.81718	45
99.46107	0.81718	45
99.66107	0.81718	45
99.86107	0.81718	45
100.06107	0.81718	45
100.26107	0.81718	45
100.46107	0.81718	45
100.66107	0.81718	45
100.86107	0.81718	45
101.06107	0.81718	45
101.26107	0.81718	45
101.46107	0.81718	45
101.66107	0.81718	45
101.86107	0.81718	45
102.06107	0.81718	45
102.26107	0.81718	45
102.46107	0.81718	45
102.66107	0.81718	45
102.86107	0.81718	45
97.66107	0.61718	45
97.86107	0.61718	45
98.06107	0.61718	45
98.26107	0.61718	45
98.46107	0.61718	45
98.66107	0.61718	45
98.86107	0.61718	45
99.06107	0.61718	45
99.26107	0.61718	45
99.46107	0.61718	45
99.66107	0.61718	45
99.86107	0.61718	45
100.06107	0.61718	45
100.26107	0.61718	45
100.46107	0.61718	45
100.66107	0.61718	45
100.86107	0.61718	45
101.06107	0.61718	45
101.26107	0.61718	45
101.46107	0.61718	45
101.66107	0.61718	45
101.86107	0.61718	45
102.06107	0.61718	45
102.26107	0.61718	45
102.46107	0.61718	45
102.66107	0.61718	45
102.86107	0.61718	45
103.06107	0.61718	45
97.86107	0.41718	45
98.06107	0.41718	45
98.26107	0.41718	45
98.46107	0.41718	45
98.66107	0.41718	45
98.86107	0.41718	45
99.06107	0.41718	45
99.26107	0.41718	45
99.46107	0.41718	45
99.66107	0.41718	45
99.86107	0.41718	45
100.06107	0.41718	45
100.26107	0.41718	45
100.46107	0.41718	45
100.66107	0.41718	45
100.86107	0.41718	45
101.06107	0.41718	45
101.26107	0.41718	45
101.46107	0.41718	45
101.66107	0.41718	45
101.86107	0.41718	45
102.06107	0.41718	45
102.26107	0.41718	45
102.46107	0.41718	45
102.66107	0.41718	45
102.86107	0.41718	45
103.06107	0.41718	45
97.86107	0.21718	45
98.06107	0.21718	45
98.26107	0.21718	45
98.46107	0.21718	45
98.66107	0.21718	45
98.86107	0.21718	45
99.06107	0.21718	45
99.26107	0.21718	45
99.46107	0.21718	45
99.66107	0.21718	45
99.86107	0.21718	45
100.06107	0.21718	45
100.26107	0.21718	45
100.46107	0.21718	45
100.66107	0.21718	45
100.86107	0.21718	45
101.06107	0.21718	45
101.26107	0.21718	45
101.46107	0.21718	45
101.66107	0.21718	45
101.86107	0.21718	45
102.06107	0.21718	45
102.26107	0.21718	45
102.46107	0.21718	45
102.66107	0.21718	45
102.86107	0.21718	45
103.06107	0.21718	45
103.26107	0.21718	45
97.86107	0.01718	45
98.06107	0.01718	45
98.26107	0.01718	45
98.46107	0.01718	45
98.66107	0.01718	45
98.86107	0.01718	45
99.06107	0.01718	45
99.26107	0.01718	45
99.46107	0.01718	45
99.66107	0.01718	45
99.86107	0.01718	45
100.06107	0.01718	45
100.26107	0.01718	45
100.46107	0.01718	45
100.66107	0.01718	45
100.86107	0.01718	45
101.06107	0.01718	45
101.26107	0.01718	45
101.46107	0.01718	45
101.66107	0.01718	45
101.86107	0.01718	45
102.06107	0.01718	45
102.26107	0.01718	45
102.46107	0.01718	45
102.66107	0.01718	45
102.86107	0.01718	45
103.06107	0.01718	45
103.26107	0.01718	45
98.06107	-0.18282	45
98.26107	-0.18282	45
98.46107	-0.18282	45
98.66107	-0.18282	45
98.86107	-0.18282	45
99.06107	-0.18282	45
99.26107	-0.18282	45
99.46107	-0.18282	45
99.66107	-0.18282	45
99.86107	-0.18282	45
100.06107	-0.18282	45
100.26107	-0.18282	45
100.46107	-0.18282	45
100.66107	-0.18282	45
100.86107	-0.18282	45
101.06107	-0.18282	45
101.26107	-0.18282	45
101.46107	-0.18282	45
101.66107	-0.18282	45
101.86107	-0.18282	45
102.06107	-0.18282	45
102.26107	-0.18282	45
102.46107	-0.18282	45
102.66107	-0.18282	45
102.86107	-0.18282	45
103.06107	-0.18282	45
98.06107	-0.38282	45
98.26107	-0.38282	45
98.46107	-0.38282	45
98.66107	-0.38282	45
98.86107	-0.38282	45
99.06107	-0.38282	45
99.26107	-0.38282	45
99.46107	-0.38282	45
99.66107	-0.38282	45
99.86107	-0.38282	45
100.06107	-0.38282	45
100.26107	-0.38282	45
100.46107	-0.38282	45
100.66107	-0.38282	45
100.86107	-0.38282	45
101.06107	-0.38282	45
101.26107	-0.38282	45
101.46107	-0.38282	45
101.66107	-0.38282	45
101.86107	-0.38282	45
102.06107	-0.38282	45
102.26107	-0.38282	45
102.46107	-0.38282	45
102.66107	-0.38282	45
102.86107	-0.38282	45
103.06107	-0.38282	45
98.06107	-0.58282	45
98.26107	-0.58282	45
98.46107	-0.58282	45
98.66107	-0.58282	45
98.86107	-0.58282	45
99.06107	-0.58282	45
99.26107	-0.58282	45
99.46107	-0.58282	45
99.66107	-0.58282	45
99.86107	-0.58282	45
100.06107	-0.58282	45
100.26107	-0.58282	45
100.46107	-0.58282	45
100.66107	-0.58282	45
100.86107	-0.58282	45
101.06107	-0.58282	45
101.26107	-0.58282	45
101.46107	-0.58282	45
101.66107	-0.58282	45
101.86107	-0.58282	45
102.06107	-0.58282	45
102.26107	-0.58282	45
102.46107	-0.58282	45
102.66107	-0.58282	45
102.86107	-0.58282	45
103.06107	-0.58282	45
98.06107	-0.78282	45
98.26107	-0.78282	45
98.46107	-0.78282	45
98.66107	-0.78282	45
98.86107	-0.78282	45
99.06107	-0.78282	45
99.26107	-0.78282	45
99.46107	-0.78282	45
99.66107	-0.78282	45
99.86107	-0.78282	45
100.06107	-0.78282	45
100.26107	-0.78282	45
100.46107	-0.78282	45
100.66107	-0.78282	45
100.86107	-0.78282	45
101.06107	-0.78282	45
101.26107	-0.78282	45
101.46107	-0.78282	45
101.66107	-0.78282	45
101.86107	-0.78282	45
102.06107	-0.78282	45
102.26107	-0.78282	45
102.46107	-0.78282	45
102.66107	-0.78282	45
102.86107	-0.78282	45
103.06107	-0.78282	45
98.06107	-0.98282	45
98.26107	-0.98282	45
98.46107	-0.98282	45
98.66107	-0.98282	45
98.86107	-0.98282	45
99.06107	-0.98282	45
99.26107	-0.98282	45
99.46107	-0.98282	45
99.66107	-0.98282	45
99.86107	-0.98282	45
100.06107	-0.98282	45
100.26107	-0.98282	45
100.46107	-0.98282	45
100.66107	-0.98282	45
100.86107	-0.98282	45
101.06107	-0.98282	45
101.26107	-0.98282	45
101.46107	-0.98282	45
101.66107	-0.98282	45
101.86107	-0.98282	45
102.06107	-0.98282	45
102.26107	-0.98282	45
102.46107	-0.98282	45
102.66107	-0.98282	45
102.86107	-0.98282	45
98.26107	-1.18282	45
98.46107	-1.18282	45
98.66107	-1.18282	45
98.86107	-1.18282	45
99.06107	-1.18282	45
99.26107	-1.18282	45
99.46107	-1.18282	45
99.66107	-1.18282	45
99.86107	-1.18282	45
100.06107	-1.18282	45
100.26107	-1.18282	45
100.46107	-1.18282	45
100.66107	-1.18282	45
100.86107	-1.18282	45
101.06107	-1.18282	45
101.26107	-1.18282	45
101.46107	-1.18282	45
101.66107	-1.18282	45
101.86107	-1.18282	45
102.06107	-1.18282	45
102.26107	-1.18282	45
102.46107	-1.18282	45
102.66107	-1.18282	45
102.86107	-1.18282	45
103.06107	-1.18282	45
98.26107	-1.38282	45
98.46107	-1.38282	45
98.66107	-1.38282	45
98.86107	-1.38282	45
99.06107	-1.38282	45
99.26107	-1.38282	45
99.46107	-1.38282	45
99.66107	-1.38282	45
99.86107	-1.38282	45
100.06107	-1.38282	45
100.26107	-1.38282	45
100.46107	-1.38282	45
100.66107	-1.38282	45
100.86107	-1.38282	45
101.06107	-1.38282	45
101.26107	-1.38282	45
101.46107	-1.38282	45
101.66107	-1.38282	45
101.86107	-1.38282	45
102.06107	-1.38282	45
102.26107	-1.38282	45
102.46107	-1.38282	45
102.66107	-1.38282	45
102.86107	-1.38282	45
103.06107	-1.38282	45
103.26107	-1.38282	45
98.26107	-1.58282	45
98.46107	-1.58282	45
98.66107	-1.58282	45
98.86107	-1.58282	45
99.06107	-1.58282	45
99.26107	-1.58282	45
99.46107	-1.58282	45
99.66107	-1.58282	45
99.86107	-1.58282	45
100.06107	-1.58282	45
100.26107	-1.58282	45
100.46107	-1.58282	45
100.66107	-1.58282	45
100.86107	-1.58282	45
101.06107	-1.58282	45
101.26107	-1.58282	45
101.46107	-1.58282	45
101.66107	-1.58282	45
101.86107	-1.58282	45
102.06107	-1.58282	45
102.26107	-1.58282	45
102.46107	-1.58282	45
102.66107	-1.58282	45
102.86107	-1.58282	45
103.06107	-1.58282	45
103.26107	-1.58282	45
103.46107	-1.58282	45
98.46107	-1.78282	45
98.66107	-1.78282	45
98.86107	-1.78282	45
99.06107	-1.78282	45
99.26107	-1.78282	45
99.46107	-1.78282	45
99.66107	-1.78282	45
99.86107	-1.78282	45
100.06107	-1.78282	45
100.26107	-1.78282	45
100.46107	-1.78282	45
100.66107	-1.78282	45
100.86107	-1.78282	45
101.06107	-1.78282	45
101.26107	-1.78282	45
101.46107	-1.78282	45
101.66107	-1.78282	45
101.86107	-1.78282	45
102.06107	-1.78282	45
102.26107	-1.78282	45
102.46107	-1.78282	45
102.66107	-1.78282	45
102.86107	-1.78282	45
103.06107	-1.78282	45
103.26107	-1.78282	45
103.46107	-1.78282	45
103.66107	-1.78282	45
98.66107	-1.98282	45
98.86107	-1.98282	45
99.06107	-1.98282	45
99.26107	-1.98282	45
99.46107	-1.98282	45
99.66107	-1.98282	45
99.86107	-1.98282	45
100.06107	-1.98282	45
100.26107	-1.98282	45
100.46107	-1.98282	45
100.66107	-1.98282	45
100.86107	-1.98282	45
101.06107	-1.98282	45
101.26107	-1.98282	45
101.46107	-1.98282	45
101.66107	-1.98282	45
101.86107	-1.98282	45
102.06107	-1.98282	45
102.26107	-1.98282	45
102.46107	-1.98282	45
102.66107	-1.98282	45
102.86107	-1.98282	45
103.06107	-1.98282	45
103.26107	-1.98282	45
103.46107	-1.98282	45
103.66107	-1.98282	45
103.86107	-1.98282	45
104.06107	-1.98282	45
98.66107	-2.18282	45
98.86107	-2.18282	45
99.06107	-2.18282	45
99.26107	-2.18282	45
99.46107	-2.18282	45
99.66107	-2.18282	45
99.86107	-2.18282	45
100.06107	-2.18282	45
100.26107	-2.18282	45
100.46107	-2.18282	45
100.66107	-2.18282	45
100.86107	-2.18282	45
101.06107	-2.18282	45
101.26107	-2.18282	45
101.46107	-2.18282	45
101.66107	-2.18282	45
101.86107	-2.18282	45
102.06107	-2.18282	45
102.26107	-2.18282	45
102.46107	-2.18282	45
102.66107	-2.18282	45
102.86107	-2.18282	45
103.06107	-2.18282	45
103.26107	-2.18282	45
103.46107	-2.18282	45
103.66107	-2.18282	45
103.86107	-2.18282	45
104.06107	-2.18282	45
104.26107	-2.18282	45
104.46107	-2.18282	45
98.66107	-2.38282	45
98.86107	-2.38282	45
99.06107	-2.38282	45
99.26107	-2.38282	45
99.46107	-2.38282	45
99.66107	-2.38282	45
99.86107	-2.38282	45
100.06107	-2.38282	45
100.26107	-2.38282	45
100.46107	-2.38282	45
100.66107	-2.38282	45
100.86107	-2.38282	45
101.06107	-2.38282	45
101.26107	-2.38282	45
101.46107	-2.38282	45
101.66107	-2.38282	45
101.86107	-2.38282	45
102.06107	-2.38282	45
102.26107	-2.38282	45
102.46107	-2.38282	45
102.66107	-2.38282	45
102.86107	-2.38282	45
103.06107	-2.38282	45
103.26107	-2.38282	45
103.46107	-2.38282	45
103.66107	-2.38282	45
103.86107	-2.38282	45
104.06107	-2.38282	45
104.26107	-2.38282	45
104.46107	-2.38282	45
104.66107	-2.38282	45
104.86107	-2.38282	45
98.86107	-2.58282	45
99.06107	-2.58282	45
99.26107	-2.58282	45
99.46107	-2.58282	45
99.66107	-2.58282	45
99.86107	-2.58282	45
100.06107	-2.58282	45
100.26107	-2.58282	45
100.46107	-2.58282	45
100.66107	-2.58282	45
100.86107	-2.58282	45
101.06107	-2.58282	45
101.26107	-2.58282	45
101.46107	-2.58282	45
101.66107	-2.58282	45
101.86107	-2.58282	45
102.06107	-2.58282	45
102.26107	-2.58282	45
102.46107	-2.58282	45
102.66107	-2.58282	45
102.86107	-2.58282	45
103.06107	-2.58282	45
103.26107	-2.58282	45
103.46107	-2.58282	45
103.66107	-2.58282	45
103.86107	-2.58282	45
104.06107	-2.58282	45
104.26107	-2.58282	45
104.46107	-2.58282	45
104.66107	-2.58282	45
104.86107	-2.58282	45
105.06107	-2.58282	45
105.26107	-2.58282	45
105.46107	-2.58282	45
99.06107	-2.78282	45
99.26107	-2.78282	45
99.46107	-2.78282	45
99.66107	-2.78282	45
99.86107	-2.78282	45
100.06107	-2.78282	45
100.26107	-2.78282	45
100.46107	-2.78282	45
100.66107	-2.78282	45
100.86107	-2.78282	45
101.06107	-2.78282	45
101.26107	-2.78282	45
101.46107	-2.78282	45
101.66107	-2.78282	45
101.86107	-2.78282	45
102.06107	-2.78282	45
102.26107	-2.78282	45
102.46107	-2.78282	45
102.66107	-2.78282	45
102.86107	-2.78282	45
103.06107	-2.78282	45
103.26107	-2.78282	45
103.46107	-2.78282	45
103.66107	-2.78282	45
103.86107	-2.78282	45
104.06107	-2.78282	45
104.26107	-2.78282	45
104.46107	-2.78282	45
104.66107	-2.78282	45
104.86107	-2.78282	45
105.06107	-2.78282	45
105.26107	-2.78282	45
105.46107	-2.78282	45
105.66107	-2.78282	45
105.86107	-2.78282	45
99.26107	-2.98282	45
99.46107	-2.98282	45
99.66107	-2.98282	45
99.86107	-2.98282	45
100.06107	-2.98282	45
100.26107	-2.98282	45
100.46107	-2.98282	45
100.66107	-2.98282	45
100.86107	-2.98282	45
101.06107	-2.98282	45
101.26107	-2.98282	45
101.46107	-2.98282	45
101.66107	-2.98282	45
101.86107	-2.98282	45
102.06107	-2.98282	45
102.26107	-2.98282	45
102.46107	-2.98282	45
102.66107	-2.98282	45
102.86107	-2.98282	45
103.06107	-2.98282	45
103.26107	-2.98282	45
103.46107	-2.98282	45
103.66107	-2.98282	45
103.86107	-2.98282	45
104.06107	-2.98282	45
104.26107	-2.98282	45
104.46107	-2.98282	45
104.66107	-2.98282	45
104.86107	-2.98282	45
105.06107	-2.98282	45
105.26107	-2.98282	45
105.46107	-2.98282	45
105.66107	-2.98282	45
105.86107	-2.98282	45
106.06107	-2.98282	45
106.26107	-2.98282	45
99.46107	-3.18282	45
99.66107	-3.18282	45
99.86107	-3.18282	45
100.06107	-3.18282	45
100.26107	-3.18282	45
100.46107	-3.18282	45
100.66107	-3.18282	45
100.86107	-3.18282	45
101.06107	-3.18282	45
101.26107	-3.18282	45
101.46107	-3.18282	45
101.66107	-3.18282	45
101.86107	-3.18282	45
102.06107	-3.18282	45
102.26107	-3.18282	45
102.46107	-3.18282	45
102.66107	-3.18282	45
102.86107	-3.18282	45
103.06107	-3.18282	45
103.26107	-3.18282	45
103.46107	-3.18282	45
103.66107	-3.18282	45
103.86107	-3.18282	45
104.06107	-3.18282	45
104.26107	-3.18282	45
104.46107	-3.18282	45
104.66107	-3.18282	45
104.86107	-3.18282	45
105.06107	-3.18282	45
105.26107	-3.18282	45
105.46107	-3.18282	45
105.66107	-3.18282	45
105.86107	-3.18282	45
106.06107	-3.18282	45
106.26107	-3.18282	45
106.46107	-3.18282	45
99.66107	-3.38282	45
99.86107	-3.38282	45
100.06107	-3.38282	45
100.26107	-3.38282	45
100.46107	-3.38282	45
100.66107	-3.38282	45
100.86107	-3.38282	45
101.06107	-3.38282	45
101.26107	-3.38282	45
101.46107	-3.38282	45
101.66107	-3.38282	45
101.86107	-3.38282	45
102.06107	-3.38282	45
102.26107	-3.38282	45
102.46107	-3.38282	45
102.66107	-3.38282	45
102.86107	-3.38282	45
103.06107	-3.38282	45
103.26107	-3.38282	45
103.46107	-3.38282	45
103.66107	-3.38282	45
103.86107	-3.38282	45
104.06107	-3.38282	45
104.26107	-3.38282	45
104.46107	-3.38282	45
104.66107	-3.38282	45
104.86107	-3.38282	45
105.06107	-3.38282	45
105.26107	-3.38282	45
105.46107	-3.38282	45
105.66107	-3.38282	45
105.86107	-3.38282	45
106.06107	-3.38282	45
106.26107	-3.38282	45
106.46107	-3.38282	45
106.66107	-3.38282	45
99.66107	-3.58282	45
99.86107	-3.58282	45
100.06107	-3.58282	45
100.26107	-3.58282	45
100.46107	-3.58282	45
100.66107	-3.58282	45
100.86107	-3.58282	45
101.06107	-3.58282	45
101.26107	-3.58282	45
101.46107	-3.58282	45
101.66107	-3.58282	45
101.86107	-3.58282	45
102.06107	-3.58282	45
102.26107	-3.58282	45
102.46107	-3.58282	45
102.66107	-3.58282	45
102.86107	-3.58282	45
103.06107	-3.58282	45
103.26107	-3.58282	45
103.46107	-3.58282	45
103.66107	-3.58282	45
103.86107	-3.58282	45
104.06107	-3.58282	45
104.26107	-3.58282	45
104.46107	-3.58282	45
104.66107	-3.58282	45
104.86107	-3.58282	45
105.06107	-3.58282	45
105.26107	-3.58282	45
105.46107	-3.58282	45
105.66107	-3.58282	45
105.86107	-3.58282	45
106.06107	-3.58282	45
106.26107	-3.58282	45
106.46107	-3.58282	45
106.66107	-3.58282	45
106.86107	-3.58282	45
99.86107	-3.78282	45
100.06107	-3.78282	45
100.26107	-3.78282	45
100.46107	-3.78282	45
100.66107	-3.78282	45
100.86107	-3.78282	45
101.06107	-3.78282	45
101.26107	-3.78282	45
101.46107	-3.78282	45
101.66107	-3.78282	45
101.86107	-3.78282	45
102.06107	-3.78282	45
102.26107	-3.78282	45
102.46107	-3.78282	45
102.66107	-3.78282	45
102.86107	-3.78282	45
103.06107	-3.78282	45
103.26107	-3.78282	45
103.46107	-3.78282	45
103.66107	-3.78282	45
103.86107	-3.78282	45
104.06107	-3.78282	45
104.26107	-3.78282	45
104.46107	-3.78282	45
104.66107	-3.78282	45
104.86107	-3.78282	45
105.06107	-3.78282	45
105.26107	-3.78282	45
105.46107	-3.78282	45
105.66107	-3.78282	45
105.86107	-3.78282	45
106.06107	-3.78282	45
106.26107	-3.78282	45
106.46107	-3.78282	45
106.66107	-3.78282	45
106.86107	-3.78282	45
107.06107	-3.78282	45
99.86107	-3.98282	45
100.06107	-3.98282	45
100.26107	-3.98282	45
100.46107	-3.98282	45
100.66107	-3.98282	45
100.86107	-3.98282	45
101.06107	-3.98282	45
101.26107	-3.98282	45
101.46107	-3.98282	45
101.66107	-3.98282	45
101.86107	-3.98282	45
102.06107	-3.98282	45
102.26107	-3.98282	45
102.46107	-3.98282	45
102.66107	-3.98282	45
102.86107	-3.98282	45
103.06107	-3.98282	45
103.26107	-3.98282	45
103.46107	-3.98282	45
103.66107	-3.98282	45
103.86107	-3.98282	45
104.06107	-3.98282	45
104.26107	-3.98282	45
104.46107	-3.98282	45
104.66107	-3.98282	45
104.86107	-3.98282	45
105.06107	-3.98282	45
105.26107	-3.98282	45
105.46107	-3.98282	45
105.66107	-3.98282	45
105.86107	-3.98282	45
106.06107	-3.98282	45
106.26107	-3.98282	45
106.46107	-3.98282	45
106.66107	-3.98282	45
106.86107	-3.98282	45
107.06107	-3.98282	45
107.26107	-3.98282	45
107.46107	-3.98282	45
99.86107	-4.18282	45
100.06107	-4.18282	45
100.26107	-4.18282	45
100.46107	-4.18282	45
100.66107	-4.18282	45
100.86107	-4.18282	45
101.06107	-4.18282	45
101.26107	-4.18282	45
101.46107	-4.18282	45
101.66107	-4.18282	45
101.86107	-4.18282	45
102.06107	-4.18282	45
102.26107	-4.18282	45
102.46107	-4.18282	45
102.66107	-4.18282	45
102.86107	-4.18282	45
103.06107	-4.18282	45
103.26107	-4.18282	45
103.46107	-4.18282	45
103.66107	-4.18282	45
103.86107	-4.18282	45
104.06107	-4.18282	45
104.26107	-4.18282	45
104.46107	-4.18282	45
104.66107	-4.18282	45
104.86107	-4.18282	45
105.06107	-4.18282	45
105.26107	-4.18282	45
105.46107	-4.18282	45
105.66107	-4.18282	45
105.86107	-4.18282	45
106.06107	-4.18282	45
106.26107	-4.18282	45
106.46107	-4.18282	45
106.66107	-4.18282	45
106.86107	-4.18282	45
107.06107	-4.18282	45
107.26107	-4.18282	45
107.46107	-4.18282	45
107.66107	-4.18282	45
99.86107	-4.38282	45
100.06107	-4.38282	45
100.26107	-4.38282	45
100.46107	-4.38282	45
100.66107	-4.38282	45
100.86107	-4.38282	45
101.06107	-4.38282	45
101.26107	-4.38282	45
101.46107	-4.38282	45
101.66107	-4.38282	45
101.86107	-4.38282	45
102.06107	-4.38282	45
102.26107	-4.38282	45
102.46107	-4.38282	45
102.66107	-4.38282	45
102.86107	-4.38282	45
103.06107	-4.38282	45
103.26107	-4.38282	45
103.46107	-4.38282	45
103.66107	-4.38282	45
103.86107	-4.38282	45
104.06107	-4.38282	45
104.26107	-4.38282	45
104.46107	-4.38282	45
104.66107	-4.38282	45
104.86107	-4.38282	45
105.06107	-4.38282	45
105.26107	-4.38282	45
105.46107	-4.38282	45
105.66107	-4.38282	45
105.86107	-4.38282	45
106.06107	-4.38282	45
106.26107	-4.38282	45
106.46107	-4.38282	45
106.66107	-4.38282	45
106.86107	-4.38282	45
107.06107	-4.38282	45
107.26107	-4.38282	45
107.46107	-4.38282	45
107.66107	-4.38282	45
107.86107	-4.38282	45
108.06107	-4.38282	45
108.26107	-4.38282	45
108.46107	-4.38282	45
108.66107	-4.38282	45
108.86107	-4.38282	45
99.86107	-4.58282	45
100.06107	-4.58282	45
100.26107	-4.58282	45
100.46107	-4.58282	45
100.66107	-4.58282	45
100.86107	-4.58282	45
101.06107	-4.58282	45
101.26107	-4.58282	45
101.46107	-4.58282	45
101.66107	-4.58282	45
101.86107	-4.58282	45
102.06107	-4.58282	45
102.26107	-4.58282	45
102.46107	-4.58282	45
102.66107	-4.58282	45
102.86107	-4.58282	45
103.06107	-4.58282	45
103.26107	-4.58282	45
103.46107	-4.58282	45
103.66107	-4.58282	45
103.86107	-4.58282	45
104.06107	-4.58282	45
104.26107	-4.58282	45
104.46107	-4.58282	45
104.66107	-4.58282	45
104.86107	-4.58282	45
105.06107	-4.58282	45
105.26107	-4.58282	45
105.46107	-4.58282	45
105.66107	-4.58282	45
105.86107	-4.58282	45
106.06107	-4.58282	45
106.26107	-4.58282	45
106.46107	-4.58282	45
106.66107	-4.58282	45
106.86107	-4.58282	45
107.06107	-4.58282	45
107.26107	-4.58282	45
107.46107	-4.58282	45
107.66107	-4.58282	45
107.86107	-4.58282	45
108.06107	-4.58282	45
108.26107	-4.58282	45
108.46107	-4.58282	45
108.66107	-4.58282	45
108.86107	-4.58282	45
109.06107	-4.58282	45
109.26107	-4.58282	45
109.46107	-4.58282	45
109.66107	-4.58282	45
109.86107	-4.58282	45
100.06107	-4.78282	45
100.26107	-4.78282	45
100.46107	-4.78282	45
100.66107	-4.78282	45
100.86107	-4.78282	45
101.06107	-4.78282	45
101.26107	-4.78282	45
101.46107	-4.78282	45
101.66107	-4.78282	45
101.86107	-4.78282	45
102.06107	-4.78282	45
102.26107	-4.78282	45
102.46107	-4.78282	45
102.66107	-4.78282	45
102.86107	-4.78282	45
103.06107	-4.78282	45
103.26107	-4.78282	45
103.46107	-4.78282	45
103.66107	-4.78282	45
103.86107	-4.78282	45
104.06107	-4.78282	45
104.26107	-4.78282	45
104.46107	-4.78282	45
104.66107	-4.78282	45
104.86107	-4.78282	45
105.06107	-4.78282	45
105.26107	-4.78282	45
105.46107	-4.78282	45
105.66107	-4.78282	45
105.86107	-4.78282	45
106.06107	-4.78282	45
106.26107	-4.78282	45
106.46107	-4.78282	45
106.66107	-4.78282	45
106.86107	-4.78282	45
107.06107	-4.78282	45
107.26107	-4.78282	45
107.46107	-4.78282	45
107.66107	-4.78282	45
107.86107	-4.78282	45
108.06107	-4.78282	45
108.26107	-4.78282	45
108.46107	-4.78282	45
108.66107	-4.78282	45
108.86107	-4.78282	45
109.06107	-4.78282	45
109.26107	-4.78282	45
109.46107	-4.78282	45
109.66107	-4.78282	45
109.86107	-4.78282	45
110.06107	-4.78282	45
110.26107	-4.78282	45
110.46107	-4.78282	45
100.06107	-4.98282	45
100.26107	-4.98282	45
100.46107	-4.98282	45
100.66107	-4.98282	45
100.86107	-4.98282	45
101.06107	-4.98282	45
101.26107	-4.98282	45
101.46107	-4.98282	45
101.66107	-4.98282	45
101.86107	-4.98282	45
102.06107	-4.98282	45
102.26107	-4.98282	45
102.46107	-4.98282	45
102.66107	-4.98282	45
102.86107	-4.98282	45
103.06107	-4.98282	45
103.26107	-4.98282	45
103.46107	-4.98282	45
103.66107	-4.98282	45
103.86107	-4.98282	45
104.06107	-4.98282	45
104.26107	-4.98282	45
104.46107	-4.98282	45
104.66107	-4.98282	45
104.86107	-4.98282	45
105.06107	-4.98282	45
105.26107	-4.98282	45
105.46107	-4.98282	45
105.66107	-4.98282	45
105.86107	-4.98282	45
106.06107	-4.98282	45
106.26107	-4.98282	45
106.46107	-4.98282	45
106.66107	-4.98282	45
106.86107	-4.98282	45
107.06107	-4.98282	45
107.26107	-4.98282	45
107.46107	-4.98282	45
107.66107	-4.98282	45
107.86107	-4.98282	45
108.06107	-4.98282	45
108.26107	-4.98282	45
108.46107	-4.98282	45
108.66107	-4.98282	45
108.86107	-4.98282	45
109.06107	-4.98282	45
109.26107	-4.98282	45
109.46107	-4.98282	45
109.66107	-4.98282	45
109.86107	-4.98282	45
110.06107	-4.98282	45
110.26107	-4.98282	45
110.46107	-4.98282	45
110.66107	-4.98282	45
100.26107	-5.18282	45
100.46107	-5.18282	45
100.66107	-5.18282	45
100.86107	-5.18282	45
101.06107	-5.18282	45
101.26107	-5.18282	45
101.46107	-5.18282	45
101.66107	-5.18282	45
101.86107	-5.18282	45
102.06107	-5.18282	45
102.26107	-5.18282	45
102.46107	-5.18282	45
102.66107	-5.18282	45
102.86107	-5.18282	45
103.06107	-5.18282	45
103.26107	-5.18282	45
103.46107	-5.18282	45
103.66107	-5.18282	45
103.86107	-5.18282	45
104.06107	-5.18282	45
104.26107	-5.18282	45
104.46107	-5.18282	45
104.66107	-5.18282	45
104.86107	-5.18282	45
105.06107	-5.18282	45
105.26107	-5.18282	45
105.46107	-5.18282	45
105.66107	-5.18282	45
105.86107	-5.18282	45
106.06107	-5.18282	45
106.26107	-5.18282	45
106.46107	-5.18282	45
106.66107	-5.18282	45
106.86107	-5.18282	45
107.06107	-5.18282	45
107.26107	-5.18282	45
107.46107	-5.18282	45
107.66107	-5.18282	45
107.86107	-5.18282	45
108.06107	-5.18282	45
108.26107	-5.18282	45
108.46107	-5.18282	45
108.66107	-5.18282	45
108.86107	-5.18282	45
109.06107	-5.18282	45
109.26107	-5.18282	45
109.46107	-5.18282	45
109.66107	-5.18282	45
109.86107	-5.18282	45
110.06107	-5.18282	45
110.26107	-5.18282	45
110.46107	-5.18282	45
110.66107	-5.18282	45
100.26107	-5.38282	45
100.46107	-5.38282	45
100.66107	-5.38282	45
100.86107	-5.38282	45
101.06107	-5.38282	45
101.26107	-5.38282	45
101.46107	-5.38282	45
101.66107	-5.38282	45
101.86107	-5.38282	45
102.06107	-5.38282	45
102.26107	-5.38282	45
102.46107	-5.38282	45
102.66107	-5.38282	45
102.86107	-5.38282	45
103.06107	-5.38282	45
103.26107	-5.38282	45
103.46107	-5.38282	45
103.66107	-5.38282	45
103.86107	-5.38282	45
104.06107	-5.38282	45
104.26107	-5.38282	45
104.46107	-5.38282	45
104.66107	-5.38282	45
104.86107	-5.38282	45
105.06107	-5.38282	45
105.26107	-5.38282	45
105.46107	-5.38282	45
105.66107	-5.38282	45
105.86107	-5.38282	45
106.06107	-5.38282	45
106.26107	-5.38282	45
106.46107	-5.38282	45
106.66107	-5.38282	45
106.86107	-5.38282	45
107.06107	-5.38282	45
107.26107	-5.38282	45
107.46107	-5.38282	45
107.66107	-5.38282	45
107.86107	-5.38282	45
108.06107	-5.38282	45
108.26107	-5.38282	45
108.46107	-5.38282	45
108.66107	-5.38282	45
108.86107	-5.38282	45
109.06107	-5.38282	45
109.26107	-5.38282	45
109.46107	-5.38282	45
109.66107	-5.38282	45
109.86107	-5.38282	45
110.06107	-5.38282	45
110.26107	-5.38282	45
110.46107	-5.38282	45
110.66107	-5.38282	45
100.26107	-5.58282	45
100.46107	-5.58282	45
100.66107	-5.58282	45
100.86107	-5.58282	45
101.06107	-5.58282	45
101.26107	-5.58282	45
101.46107	-5.58282	45
101.66107	-5.58282	45
101.86107	-5.58282	45
102.06107	-5.58282	45
102.26107	-5.58282	45
102.46107	-5.58282	45
102.66107	-5.58282	45
102.86107	-5.58282	45
103.06107	-5.58282	45
103.26107	-5.58282	45
103.46107	-5.58282	45
103.66107	-5.58282	45
103.86107	-5.58282	45
104.06107	-5.58282	45
104.26107	-5.58282	45
104.46107	-5.58282	45
104.66107	-5.58282	45
104.86107	-5.58282	45
105.06107	-5.58282	45
105.26107	-5.58282	45
105.46107	-5.58282	45
105.66107	-5.58282	45
105.86107	-5.58282	45
106.06107	-5.58282	45
106.26107	-5.58282	45
106.46107	-5.58282	45
106.66107	-5.58282	45
106.86107	-5.58282	45
107.06107	-5.58282	45
107.26107	-5.58282	45
107.46107	-5.58282	45
107.66107	-5.58282	45
107.86107	-5.58282	45
108.06107	-5.58282	45
108.26107	-5.58282	45
108.46107	-5.58282	45
108.66107	-5.58282	45
108.86107	-5.58282	45
109.06107	-5.58282	45
109.26107	-5.58282	45
109.46107	-5.58282	45
109.66107	-5.58282	45
109.86107	-5.58282	45
110.06107	-5.58282	45
110.26107	-5.58282	45
110.46107	-5.58282	45
110.66107	-5.58282	45
100.26107	-5.78282	45
100.46107	-5.78282	45
100.66107	-5.78282	45
100.86107	-5.78282	45
101.06107	-5.78282	45
101.26107	-5.78282	45
101.46107	-5.78282	45
101.66107	-5.78282	45
101.86107	-5.78282	45
102.06107	-5.78282	45
102.26107	-5.78282	45
102.46107	-5.78282	45
102.66107	-5.78282	45
102.86107	-5.78282	45
103.06107	-5.78282	45
103.26107	-5.78282	45
103.46107	-5.78282	45
103.66107	-5.78282	45
103.86107	-5.78282	45
104.06107	-5.78282	45
104.26107	-5.78282	45
104.46107	-5.78282	45
104.66107	-5.78282	45
104.86107	-5.78282	45
105.06107	-5.78282	45
105.26107	-5.78282	45
105.46107	-5.78282	45
105.66107	-5.78282	45
105.86107	-5.78282	45
106.06107	-5.78282	45
106.26107	-5.78282	45
106.46107	-5.78282	45
106.66107	-5.78282	45
106.86107	-5.78282	45
107.06107	-5.78282	45
107.26107	-5.78282	45
107.46107	-5.78282	45
107.66107	-5.78282	45
107.86107	-5.78282	45
108.06107	-5.78282	45
108.26107	-5.78282	45
108.46107	-5.78282	45
108.66107	-5.78282	45
108.86107	-5.78282	45
109.06107	-5.78282	45
109.26107	-5.78282	45
109.46107	-5.78282	45
109.66107	-5.78282	45
109.86107	-5.78282	45
110.06107	-5.78282	45
110.26107	-5.78282	45
110.46107	-5.78282	45
110.66107	-5.78282	45
100.26107	-5.98282	45
100.46107	-5.98282	45
100.66107	-5.98282	45
100.86107	-5.98282	45
101.06107	-5.98282	45
101.26107	-5.98282	45
101.46107	-5.98282	45
101.66107	-5.98282	45
101.86107	-5.98282	45
102.06107	-5.98282	45
102.26107	-5.98282	45
102.46107	-5.98282	45
102.66107	-5.98282	45
102.86107	-5.98282	45
103.06107	-5.98282	45
103.26107	-5.98282	45
103.46107	-5.98282	45
103.66107	-5.98282	45
103.86107	-5.98282	45
104.06107	-5.98282	45
104.26107	-5.98282	45
104.46107	-5.98282	45
104.66107	-5.98282	45
104.86107	-5.98282	45
105.06107	-5.98282	45
105.26107	-5.98282	45
105.46107	-5.98282	45
105.66107	-5.98282	45
105.86107	-5.98282	45
106.06107	-5.98282	45
106.26107	-5.98282	45
106.46107	-5.98282	45
106.66107	-5.98282	45
106.86107	-5.98282	45
107.06107	-5.98282	45
107.26107	-5.98282	45
107.46107	-5.98282	45
107.66107	-5.98282	45
107.86107	-5.98282	45
108.06107	-5.98282	45
108.26107	-5.98282	45
108.46107	-5.98282	45
108.66107	-5.98282	45
108.86107	-5.98282	45
109.06107	-5.98282	45
109.26107	-5.98282	45
109.46107	-5.98282	45
109.66107	-5.98282	45
109.86107	-5.98282	45
110.06107	-5.98282	45
110.26107	-5.98282	45
110.46107	-5.98282	45
110.66107	-5.98282	45
100.26107	-6.18282	45
100.46107	-6.18282	45
100.66107	-6.18282	45
100.86107	-6.18282	45
101.06107	-6.18282	45
101.26107	-6.18282	45
101.46107	-6.18282	45
101.66107	-6.18282	45
101.86107	-6.18282	45
102.06107	-6.18282	45
102.26107	-6.18282	45
102.46107	-6.18282	45
102.66107	-6.18282	45
102.86107	-6.18282	45
103.06107	-6.18282	45
103.26107	-6.18282	45
103.46107	-6.18282	45
103.66107	-6.18282	45
103.86107	-6.18282	45
104.06107	-6.18282	45
104.26107	-6.18282	45
104.46107	-6.18282	45
104.66107	-6.18282	45
104.86107	-6.18282	45
105.06107	-6.18282	45
105.26107	-6.18282	45
105.46107	-6.18282	45
105.66107	-6.18282	45
105.86107	-6.18282	45
106.06107	-6.18282	45
106.26107	-6.18282	45
106.46107	-6.18282	45
106.66107	-6.18282	45
106.86107	-6.18282	45
107.06107	-6.18282	45
107.26107	-6.18282	45
107.46107	-6.18282	45
107.66107	-6.18282	45
107.86107	-6.18282	45
108.06107	-6.18282	45
108.26107	-6.18282	45
108.46107	-6.18282	45
108.66107	-6.18282	45
108.86107	-6.18282	45
109.06107	-6.18282	45
109.26107	-6.18282	45
109.46107	-6.18282	45
109.66107	-6.18282	45
109.86107	-6.18282	45
110.06107	-6.18282	45
110.26107	-6.18282	45
110.46107	-6.18282	45
110.66107	-6.18282	45
100.26107	-6.38282	45
100.46107	-6.38282	45
100.66107	-6.38282	45
100.86107	-6.38282	45
101.06107	-6.38282	45
101.26107	-6.38282	45
101.46107	-6.38282	45
101.66107	-6.38282	45
101.86107	-6.38282	45
102.06107	-6.38282	45
102.26107	-6.38282	45
102.46107	-6.38282	45
102.66107	-6.38282	45
102.86107	-6.38282	45
103.06107	-6.38282	45
103.26107	-6.38282	45
103.46107	-6.38282	45
103.66107	-6.38282	45
103.86107	-6.38282	45
104.06107	-6.38282	45
104.26107	-6.38282	45
104.46107	-6.38282	45
104.66107	-6.38282	45
104.86107	-6.38282	45
105.06107	-6.38282	45
105.26107	-6.38282	45
105.46107	-6.38282	45
105.66107	-6.38282	45
105.86107	-6.38282	45
106.06107	-6.38282	45
106.26107	-6.38282	45
106.46107	-6.38282	45
106.66107	-6.38282	45
106.86107	-6.38282	45
107.06107	-6.38282	45
107.26107	-6.38282	45
107.46107	-6.38282	45
107.66107	-6.38282	45
107.86107	-6.38282	45
108.06107	-6.38282	45
108.26107	-6.38282	45
108.46107	-6.38282	45
108.66107	-6.38282	45
108.86107	-6.38282	45
109.06107	-6.38282	45
109.26107	-6.38282	45
109.46107	-6.38282	45
109.66107	-6.38282	45
109.86107	-6.38282	45
110.06107	-6.38282	45
110.26107	-6.38282	45
110.46107	-6.38282	45
110.66107	-6.38282	45
100.46107	-6.58282	45
100.66107	-6.58282	45
100.86107	-6.58282	45
101.06107	-6.58282	45
101.26107	-6.58282	45
101.46107	-6.58282	45
101.66107	-6.58282	45
101.86107	-6.58282	45
102.06107	-6.58282	45
102.26107	-6.58282	45
102.46107	-6.58282	45
102.66107	-6.58282	45
102.86107	-6.58282	45
103.06107	-6.58282	45
103.26107	-6.58282	45
103.46107	-6.58282	45
103.66107	-6.58282	45
103.86107	-6.58282	45
104.06107	-6.58282	45
104.26107	-6.58282	45
104.46107	-6.58282	45
104.66107	-6.58282	45
104.86107	-6.58282	45
105.06107	-6.58282	45
105.26107	-6.58282	45
105.46107	-6.58282	45
105.66107	-6.58282	45
105.86107	-6.58282	45
106.06107	-6.58282	45
106.26107	-6.58282	45
106.46107	-6.58282	45
106.66107	-6.58282	45
106.86107	-6.58282	45
107.06107	-6.58282	45
107.26107	-6.58282	45
107.46107	-6.58282	45
107.66107	-6.58282	45
107.86107	-6.58282	45
108.06107	-6.58282	45
108.26107	-6.58282	45
108.46107	-6.58282	45
108.66107	-6.58282	45
108.86107	-6.58282	45
109.06107	-6.58282	45
109.26107	-6.58282	45
109.46107	-6.58282	45
109.66107	-6.58282	45
109.86107	-6.58282	45
110.06107	-6.58282	45
110.26107	-6.58282	45
110.46107	-6.58282	45
110.66107	-6.58282	45
100.66107	-6.78282	45
100.86107	-6.78282	45
101.06107	-6.78282	45
101.26107	-6.78282	45
101.46107	-6.78282	45
101.66107	-6.78282	45
101.86107	-6.78282	45
102.06107	-6.78282	45
102.26107	-6.78282	45
102.46107	-6.78282	45
102.66107	-6.78282	45
102.86107	-6.78282	45
103.06107	-6.78282	45
103.26107	-6.78282	45
103.46107	-6.78282	45
103.66107	-6.78282	45
103.86107	-6.78282	45
104.06107	-6.78282	45
104.26107	-6.78282	45
104.46107	-6.78282	45
104.66107	-6.78282	45
104.86107	-6.78282	45
105.06107	-6.78282	45
105.26107	-6.78282	45
105.46107	-6.78282	45
105.66107	-6.78282	45
105.86107	-6.78282	45
106.06107	-6.78282	45
106.26107	-6.78282	45
106.46107	-6.78282	45
106.66107	-6.78282	45
106.86107	-6.78282	45
107.06107	-6.78282	45
107.26107	-6.78282	45
107.46107	-6.78282	45
107.66107	-6.78282	45
107.86107	-6.78282	45
108.06107	-6.78282	45
108.26107	-6.78282	45
108.46107	-6.78282	45
108.66107	-6.78282	45
108.86107	-6.78282	45
109.06107	-6.78282	45
109.26107	-6.78282	45
109.46107	-6.78282	45
109.66107	-6.78282	45
109.86107	-6.78282	45
110.06107	-6.78282	45
110.26107	-6.78282	45
110.46107	-6.78282	45
110.66107	-6.78282	45
100.86107	-6.98282	45
101.06107	-6.98282	45
101.26107	-6.98282	45
101.46107	-6.98282	45
101.66107	-6.98282	45
101.86107	-6.98282	45
102.06107	-6.98282	45
102.26107	-6.98282	45
102.46107	-6.98282	45
102.66107	-6.98282	45
102.86107	-6.98282	45
103.06107	-6.98282	45
103.26107	-6.98282	45
103.46107	-6.98282	45
103.66107	-6.98282	45
103.86107	-6.98282	45
104.06107	-6.98282	45
104.26107	-6.98282	45
104.46107	-6.98282	45
104.66107	-6.98282	45
104.86107	-6.98282	45
105.06107	-6.98282	45
105.26107	-6.98282	45
105.46107	-6.98282	45
105.66107	-6.98282	45
105.86107	-6.98282	45
106.06107	-6.98282	45
106.26107	-6.98282	45
106.46107	-6.98282	45
106.66107	-6.98282	45
106.86107	-6.98282	45
107.06107	-6.98282	45
107.26107	-6.98282	45
107.46107	-6.98282	45
107.66107	-6.98282	45
107.86107	-6.98282	45
108.06107	-6.98282	45
108.26107	-6.98282	45
108.46107	-6.98282	45
108.66107	-6.98282	45
108.86107	-6.98282	45
109.06107	-6.98282	45
109.26107	-6.98282	45
109.46107	-6.98282	45
109.66107	-6.98282	45
109.86107	-6.98282	45
110.06107	-6.98282	45
110.26107	-6.98282	45
110.46107	-6.98282	45
110.66107	-6.98282	45
101.06107	-7.18282	45
101.26107	-7.18282	45
101.46107	-7.18282	45
101.66107	-7.18282	45
101.86107	-7.18282	45
102.06107	-7.18282	45
102.26107	-7.18282	45
102.46107	-7.18282	45
102.66107	-7.18282	45
102.86107	-7.18282	45
103.06107	-7.18282	45
103.26107	-7.18282	45
103.46107	-7.18282	45
103.66107	-7.18282	45
103.86107	-7.18282	45
104.06107	-7.18282	45
104.26107	-7.18282	45
104.46107	-7.18282	45
104.66107	-7.18282	45
104.86107	-7.18282	45
105.06107	-7.18282	45
105.26107	-7.18282	45
105.46107	-7.18282	45
105.66107	-7.18282	45
105.86107	-7.18282	45
106.06107	-7.18282	45
106.26107	-7.18282	45
106.46107	-7.18282	45
106.66107	-7.18282	45
106.86107	-7.18282	45
107.06107	-7.18282	45
107.26107	-7.18282	45
107.46107	-7.18282	45
107.66107	-7.18282	45
107.86107	-7.18282	45
108.06107	-7.18282	45
108.26107	-7.18282	45
108.46107	-7.18282	45
108.66107	-7.18282	45
108.86107	-7.18282	45
109.06107	-7.18282	45
109.26107	-7.18282	45
109.46107	-7.18282	45
109.66107	-7.18282	45
109.86107	-7.18282	45
110.06107	-7.18282	45
110.26107	-7.18282	45
110.46107	-7.18282	45
110.66107	-7.18282	45
101.26107	-7.38282	45
101.46107	-7.38282	45
101.66107	-7.38282	45
101.86107	-7.38282	45
102.06107	-7.38282	45
102.26107	-7.38282	45
102.46107	-7.38282	45
102.66107	-7.38282	45
102.86107	-7.38282	45
103.06107	-7.38282	45
103.26107	-7.38282	45
103.46107	-7.38282	45
103.66107	-7.38282	45
103.86107	-7.38282	45
104.06107	-7.38282	45
104.26107	-7.38282	45
104.46107	-7.38282	45
104.66107	-7.38282	45
104.86107	-7.38282	45
105.06107	-7.38282	45
105.26107	-7.38282	45
105.46107	-7.38282	45
105.66107	-7.38282	45
105.86107	-7.38282	45
106.06107	-7.38282	45
106.26107	-7.38282	45
106.46107	-7.38282	45
106.66107	-7.38282	45
106.86107	-7.38282	45
107.06107	-7.38282	45
107.26107	-7.38282	45
107.46107	-7.38282	45
107.66107	-7.38282	45
107.86107	-7.38282	45
108.06107	-7.38282	45
108.26107	-7.38282	45
108.46107	-7.38282	45
108.66107	-7.38282	45
108.86107	-7.38282	45
109.06107	-7.38282	45
109.26107	-7.38282	45
109.46107	-7.38282	45
109.66107	-7.38282	45
109.86107	-7.38282	45
110.06107	-7.38282	45
110.26107	-7.38282	45
110.46107	-7.38282	45
110.66107	-7.38282	45
101.66107	-7.58282	45
101.86107	-7.58282	45
102.06107	-7.58282	45
102.26107	-7.58282	45
102.46107	-7.58282	45
102.66107	-7.58282	45
102.86107	-7.58282	45
103.06107	-7.58282	45
103.26107	-7.58282	45
103.46107	-7.58282	45
103.66107	-7.58282	45
103.86107	-7.58282	45
104.06107	-7.58282	45
104.26107	-7.58282	45
104.46107	-7.58282	45
104.66107	-7.58282	45
104.86107	-7.58282	45
105.06107	-7.58282	45
105.26107	-7.58282	45
105.46107	-7.58282	45
105.66107	-7.58282	45
105.86107	-7.58282	45
106.06107	-7.58282	45
106.26107	-7.58282	45
106.46107	-7.58282	45
106.66107	-7.58282	45
106.86107	-7.58282	45
107.06107	-7.58282	45
107.26107	-7.58282	45
107.46107	-7.58282	45
107.66107	-7.58282	45
107.86107	-7.58282	45
108.06107	-7.58282	45
108.26107	-7.58282	45
108.46107	-7.58282	45
108.66107	-7.58282	45
108.86107	-7.58282	45
109.06107	-7.58282	45
109.26107	-7.58282	45
109.46107	-7.58282	45
109.66107	-7.58282	45
109.86107	-7.58282	45
110.06107	-7.58282	45
110.26107	-7.58282	45
110.46107	-7.58282	45
110.66107	-7.58282	45
102.06107	-7.78282	45
102.26107	-7.78282	45
102.46107	-7.78282	45
102.66107	-7.78282	45
102.86107	-7.78282	45
103.06107	-7.78282	45
103.26107	-7.78282	45
103.46107	-7.78282	45
103.66107	-7.78282	45
103.86107	-7.78282	45
104.06107	-7.78282	45
104.26107	-7.78282	45
104.46107	-7.78282	45
104.66107	-7.78282	45
104.86107	-7.78282	45
105.06107	-7.78282	45
105.26107	-7.78282	45
105.46107	-7.78282	45
105.66107	-7.78282	45
105.86107	-7.78282	45
106.06107	-7.78282	45
106.26107	-7.78282	45
106.46107	-7.78282	45
106.66107	-7.78282	45
106.86107	-7.78282	45
107.06107	-7.78282	45
107.26107	-7.78282	45
107.46107	-7.78282	45
107.66107	-7.78282	45
107.86107	-7.78282	45
108.06107	-7.78282	45
108.26107	-7.78282	45
108.46107	-7.78282	45
108.66107	-7.78282	45
108.86107	-7.78282	45
109.06107	-7.78282	45
109.26107	-7.78282	45
109.46107	-7.78282	45
109.66107	-7.78282	45
109.86107	-7.78282	45
110.06107	-7.78282	45
110.26107	-7.78282	45
110.46107	-7.78282	45
110.66107	-7.78282	45
102.26107	-7.98282	45
102.46107	-7.98282	45
102.66107	-7.98282	45
102.86107	-7.98282	45
103.06107	-7.98282	45
103.26107	-7.98282	45
103.46107	-7.98282	45
103.66107	-7.98282	45
103.86107	-7.98282	45
104.06107	-7.98282	45
104.26107	-7.98282	45
104.46107	-7.98282	45
104.66107	-7.98282	45
104.86107	-7.98282	45
105.06107	-7.98282	45
105.26107	-7.98282	45
105.46107	-7.98282	45
105.66107	-7.98282	45
105.86107	-7.98282	45
106.06107	-7.98282	45
106.26107	-7.98282	45
106.46107	-7.98282	45
106.66107	-7.98282	45
106.86107	-7.98282	45
107.06107	-7.98282	45
107.26107	-7.98282	45
107.46107	-7.98282	45
107.66107	-7.98282	45
107.86107	-7.98282	45
108.06107	-7.98282	45
108.26107	-7.98282	45
108.46107	-7.98282	45
108.66107	-7.98282	45
108.86107	-7.98282	45
109.06107	-7.98282	45
109.26107	-7.98282	45
109.46107	-7.98282	45
109.66107	-7.98282	45
109.86107	-7.98282	45
110.06107	-7.98282	45
110.26107	-7.98282	45
110.46107	-7.98282	45
110.66107	-7.98282	45
102.86107	-8.18282	45
103.06107	-8.18282	45
103.26107	-8.18282	45
103.46107	-8.18282	45
103.66107	-8.18282	45
103.86107	-8.18282	45
104.06107	-8.18282	45
104.26107	-8.18282	45
104.46107	-8.18282	45
104.66107	-8.18282	45
104.86107	-8.18282	45
105.06107	-8.18282	45
105.26107	-8.18282	45
105.46107	-8.18282	45
105.66107	-8.18282	45
105.86107	-8.18282	45
106.06107	-8.18282	45
106.26107	-8.18282	45
106.46107	-8.18282	45
106.66107	-8.18282	45
106.86107	-8.18282	45
107.06107	-8.18282	45
107.26107	-8.18282	45
107.46107	-8.18282	45
107.66107	-8.18282	45
107.86107	-8.18282	45
108.06107	-8.18282	45
108.26107	-8.18282	45
108.46107	-8.18282	45
108.66107	-8.18282	45
108.86107	-8.18282	45
109.06107	-8.18282	45
109.26107	-8.18282	45
109.46107	-8.18282	45
109.66107	-8.18282	45
109.86107	-8.18282	45
110.06107	-8.18282	45
110.26107	-8.18282	45
110.46107	-8.18282	45
110.66107	-8.18282	45
103.46107	-8.38282	45
103.66107	-8.38282	45
103.86107	-8.38282	45
104.06107	-8.38282	45
104.26107	-8.38282	45
104.46107	-8.38282	45
104.66107	-8.38282	45
104.86107	-8.38282	45
105.06107	-8.38282	45
105.26107	-8.38282	45
105.46107	-8.38282	45
105.66107	-8.38282	45
105.86107	-8.38282	45
106.06107	-8.38282	45
106.26107	-8.38282	45
106.46107	-8.38282	45
106.66107	-8.38282	45
106.86107	-8.38282	45
107.06107	-8.38282	45
107.26107	-8.38282	45
107.46107	-8.38282	45
107.66107	-8.38282	45
107.86107	-8.38282	45
108.06107	-8.38282	45
108.26107	-8.38282	45
108.46107	-8.38282	45
108.66107	-8.38282	45
108.86107	-8.38282	45
109.06107	-8.38282	45
109.26107	-8.38282	45
109.46107	-8.38282	45
109.66107	-8.38282	45
109.86107	-8.38282	45
110.06107	-8.38282	45
110.26107	-8.38282	45
110.46107	-8.38282	45
110.66107	-8.38282	45
103.86107	-8.58282	45
104.06107	-8.58282	45
104.26107	-8.58282	45
104.46107	-8.58282	45
104.66107	-8.58282	45
104.86107	-8.58282	45
105.06107	-8.58282	45
105.26107	-8.58282	45
105.46107	-8.58282	45
105.66107	-8.58282	45
105.86107	-8.58282	45
106.06107	-8.58282	45
106.26107	-8.58282	45
106.46107	-8.58282	45
106.66107	-8.58282	45
106.86107	-8.58282	45
107.06107	-8.58282	45
107.26107	-8.58282	45
107.46107	-8.58282	45
107.66107	-8.58282	45
107.86107	-8.58282	45
108.06107	-8.58282	45
108.26107	-8.58282	45
108.46107	-8.58282	45
108.66107	-8.58282	45
108.86107	-8.58282	45
109.06107	-8.58282	45
109.26107	-8.58282	45
109.46107	-8.58282	45
109.66107	-8.58282	45
109.86107	-8.58282	45
110.06107	-8.58282	45
110.26107	-8.58282	45
110.46107	-8.58282	45
110.66107	-8.58282	45
104.06107	-8.78282	45
104.26107	-8.78282	45
104.46107	-8.78282	45
104.66107	-8.78282	45
104.86107	-8.78282	45
105.06107	-8.78282	45
105.26107	-8.78282	45
105.46107	-8.78282	45
105.66107	-8.78282	45
105.86107	-8.78282	45
106.06107	-8.78282	45
106.26107	-8.78282	45
106.46107	-8.78282	45
106.66107	-8.78282	45
106.86107	-8.78282	45
107.06107	-8.78282	45
107.26107	-8.78282	45
107.46107	-8.78282	45
107.66107	-8.78282	45
107.86107	-8.78282	45
108.06107	-8.78282	45
108.26107	-8.78282	45
108.46107	-8.78282	45
108.66107	-8.78282	45
108.86107	-8.78282	45
109.06107	-8.78282	45
109.26107	-8.78282	45
109.46107	-8.78282	45
109.66107	-8.78282	45
109.86107	-8.78282	45
110.06107	-8.78282	45
110.26107	-8.78282	45
110.46107	-8.78282	45
110.66107	-8.78282	45
104.46107	-8.98282	45
104.66107	-8.98282	45
104.86107	-8.98282	45
105.06107	-8.98282	45
105.26107	-8.98282	45
105.46107	-8.98282	45
105.66107	-8.98282	45
105.86107	-8.98282	45
106.06107	-8.98282	45
106.26107	-8.98282	45
106.46107	-8.98282	45
106.66107	-8.98282	45
106.86107	-8.98282	45
107.06107	-8.98282	45
107.26107	-8.98282	45
107.46107	-8.98282	45
107.66107	-8.98282	45
107.86107	-8.98282	45
108.06107	-8.98282	45
108.26107	-8.98282	45
108.46107	-8.98282	45
108.66107	-8.98282	45
108.86107	-8.98282	45
109.06107	-8.98282	45
109.26107	-8.98282	45
109.46107	-8.98282	45
109.66107	-8.98282	45
109.86107	-8.98282	45
110.06107	-8.98282	45
110.26107	-8.98282	45
110.46107	-8.98282	45
110.66107	-8.98282	45
104.86107	-9.18282	45
105.06107	-9.18282	45
105.26107	-9.18282	45
105.46107	-9.18282	45
105.66107	-9.18282	45
105.86107	-9.18282	45
106.06107	-9.18282	45
106.26107	-9.18282	45
106.46107	-9.18282	45
106.66107	-9.18282	45
106.86107	-9.18282	45
107.06107	-9.18282	45
107.26107	-9.18282	45
107.46107	-9.18282	45
107.66107	-9.18282	45
107.86107	-9.18282	45
108.06107	-9.18282	45
108.26107	-9.18282	45
108.46107	-9.18282	45
108.66107	-9.18282	45
108.86107	-9.18282	45
109.06107	-9.18282	45
109.26107	-9.18282	45
109.46107	-9.18282	45
109.66107	-9.18282	45
109.86107	-9.18282	45
110.06107	-9.18282	45
110.26107	-9.18282	45
110.46107	-9.18282	45
110.66107	-9.18282	45
105.06107	-9.38282	45
105.26107	-9.38282	45
105.46107	-9.38282	45
105.66107	-9.38282	45
105.86107	-9.38282	45
106.06107	-9.38282	45
106.26107	-9.38282	45
106.46107	-9.38282	45
106.66107	-9.38282	45
106.86107	-9.38282	45
107.06107	-9.38282	45
107.26107	-9.38282	45
107.46107	-9.38282	45
107.66107	-9.38282	45
107.86107	-9.38282	45
108.06107	-9.38282	45
108.26107	-9.38282	45
108.46107	-9.38282	45
108.66107	-9.38282	45
108.86107	-9.38282	45
109.06107	-9.38282	45
109.26107	-9.38282	45
109.46107	-9.38282	45
109.66107	-9.38282	45
109.86107	-9.38282	45
110.06107	-9.38282	45
110.26107	-9.38282	45
110.46107	-9.38282	45
110.66107	-9.38282	45
105.46107	-9.58282	45
105.66107	-9.58282	45
105.86107	-9.58282	45
106.06107	-9.58282	45
106.26107	-9.58282	45
106.46107	-9.58282	45
106.66107	-9.58282	45
106.86107	-9.58282	45
107.06107	-9.58282	45
107.26107	-9.58282	45
107.46107	-9.58282	45
107.66107	-9.58282	45
107.86107	-9.58282	45
108.06107	-9.58282	45
108.26107	-9.58282	45
108.46107	-9.58282	45
108.66107	-9.58282	45
108.86107	-9.58282	45
109.06107	-9.58282	45
109.26107	-9.58282	45
109.46107	-9.58282	45
109.66107	-9.58282	45
109.86107	-9.58282	45
110.06107	-9.58282	45
110.26107	-9.58282	45
110.46107	-9.58282	45
110.66107	-9.58282	45
105.66107	-9.78282	45
105.86107	-9.78282	45
106.06107	-9.78282	45
106.26107	-9.78282	45
106.46107	-9.78282	45
106.66107	-9.78282	45
106.86107	-9.78282	45
107.06107	-9.78282	45
107.26107	-9.78282	45
107.46107	-9.78282	45
107.66107	-9.78282	45
107.86107	-9.78282	45
108.06107	-9.78282	45
108.26107	-9.78282	45
108.46107	-9.78282	45
108.66107	-9.78282	45
108.86107	-9.78282	45
109.06107	-9.78282	45
109.26107	-9.78282	45
109.46107	-9.78282	45
109.66107	-9.78282	45
109.86107	-9.78282	45
110.06107	-9.78282	45
110.26107	-9.78282	45
110.46107	-9.78282	45
110.66107	-9.78282	45
105.86107	-9.98282	45
106.06107	-9.98282	45
106.26107	-9.98282	45
106.46107	-9.98282	45
106.66107	-9.98282	45
106.86107	-9.98282	45
107.06107	-9.98282	45
107.26107	-9.98282	45
107.46107	-9.98282	45
107.66107	-9.98282	45
107.86107	-9.98282	45
108.06107	-9.98282	45
108.26107	-9.98282	45
108.46107	-9.98282	45
108.66107	-9.98282	45
108.86107	-9.98282	45
109.06107	-9.98282	45
109.26107	-9.98282	45
109.46107	-9.98282	45
109.66107	-9.98282	45
109.86107	-9.98282	45
110.06107	-9.98282	45
110.26107	-9.98282	45
110.46107	-9.98282	45
110.66107	-9.98282	45
106.06107	-10.18282	45
106.26107	-10.18282	45
106.46107	-10.18282	45
106.66107	-10.18282	45
106.86107	-10.18282	45
107.06107	-10.18282	45
107.26107	-10.18282	45
107.46107	-10.18282	45
107.66107	-10.18282	45
107.86107	-10.18282	45
108.06107	-10.18282	45
108.26107	-10.18282	45
108.46107	-10.18282	45
108.66107	-10.18282	45
108.86107	-10.18282	45
109.06107	-10.18282	45
109.26107	-10.18282	45
109.46107	-10.18282	45
109.66107	-10.18282	45
109.86107	-10.18282	45
110.06107	-10.18282	45
110.26107	-10.18282	45
110.46107	-10.18282	45
110.66107	-10.18282	45
106.26107	-10.38282	45
106.46107	-10.38282	45
106.66107	-10.38282	45
106.86107	-10.38282	45
107.06107	-10.38282	45
107.26107	-10.38282	45
107.46107	-10.38282	45
107.66107	-10.38282	45
107.86107	-10.38282	45
108.06107	-10.38282	45
108.26107	-10.38282	45
108.46107	-10.38282	45
108.66107	-10.38282	45
108.86107	-10.38282	45
109.06107	-10.38282	45
109.26107	-10.38282	45
109.46107	-10.38282	45
109.66107	-10.38282	45
109.86107	-10.38282	45
110.06107	-10.38282	45
110.26107	-10.38282	45
110.46107	-10.38282	45
110.66107	-10.38282	45
106.66107	-10.58282	45
106.86107	-10.58282	45
107.06107	-10.58282	45
107.26107	-10.58282	45
107.46107	-10.58282	45
107.66107	-10.58282	45
107.86107	-10.58282	45
108.06107	-10.58282	45
108.26107	-10.58282	45
108.46107	-10.58282	45
108.66107	-10.58282	45
108.86107	-10.58282	45
109.06107	-10.58282	45
109.26107	-10.58282	45
109.46107	-10.58282	45
109.66107	-10.58282	45
109.86107	-10.58282	45
110.06107	-10.58282	45
110.26107	-10.58282	45
110.46107	-10.58282	45
110.66107	-10.58282	45
106.86107	-10.78282	45
107.06107	-10.78282	45
107.26107	-10.78282	45
107.46107	-10.78282	45
107.66107	-10.78282	45
107.86107	-10.78282	45
108.06107	-10.78282	45
108.26107	-10.78282	45
108.46107	-10.78282	45
108.66107	-10.78282	45
108.86107	-10.78282	45
109.06107	-10.78282	45
109.26107	-10.78282	45
109.46107	-10.78282	45
109.66107	-10.78282	45
109.86107	-10.78282	45
110.06107	-10.78282	45
110.26107	-10.78282	45
110.46107	-10.78282	45
110.66107	-10.78282	45
