0.000 -2.50015e-04
0.025 -2.50427e-04
0.050 -2.50823e-04
0.075 -2.51191e-04
0.100 -2.51516e-04
0.125 -2.51781e-04
0.150 -2.51957e-04
0.175 -2.52030e-04
0.200 -2.52015e-04
0.225 -2.51921e-04
0.250 -2.51759e-04
0.275 -2.51545e-04
0.300 -2.51277e-04
0.325 -2.50934e-04
0.350 -2.50500e-04
0.375 -2.50000e-04
0.400 -2.49464e-04
0.425 -2.48895e-04
0.450 -2.48308e-04
0.475 -2.47728e-04
0.500 -2.47153e-04
0.525 -2.46564e-04
0.550 -2.45968e-04
0.575 -2.45367e-04
0.600 -2.44756e-04
0.625 -2.44136e-04
0.650 -2.43509e-04
0.675 -2.42889e-04
0.700 -2.42290e-04
0.725 -2.41712e-04
0.750 -2.41158e-04
0.775 -2.40627e-04
0.800 -2.40133e-04
0.825 -2.39690e-04
0.850 -2.39297e-04
0.875 -2.38951e-04
0.900 -2.38635e-04
0.925 -2.38332e-04
0.950 -2.38030e-04
0.975 -2.37694e-04
1.000 -2.37299e-04
1.025 -2.36854e-04
1.050 -2.36366e-04
1.075 -2.35834e-04
1.100 -2.35251e-04
1.125 -2.34604e-04
1.150 -2.33863e-04
1.175 -2.32996e-04
1.200 -2.32019e-04
1.225 -2.30959e-04
1.250 -2.29823e-04
1.275 -2.28616e-04
1.300 -2.27340e-04
1.325 -2.25988e-04
1.350 -2.24569e-04
1.375 -2.23108e-04
1.400 -2.21627e-04
1.425 -2.20139e-04
1.450 -2.18645e-04
1.475 -2.17144e-04
1.500 -2.15631e-04
1.525 -2.14088e-04
1.550 -2.12504e-04
1.575 -2.10886e-04
1.600 -2.09237e-04
1.625 -2.07538e-04
1.650 -2.05766e-04
1.675 -2.03908e-04
1.700 -2.01939e-04
1.725 -1.99852e-04
1.750 -1.97642e-04
1.775 -1.95293e-04
1.800 -1.92791e-04
1.825 -1.90138e-04
1.850 -1.87343e-04
1.875 -1.84407e-04
1.900 -1.81338e-04
1.925 -1.78144e-04
1.950 -1.74827e-04
1.975 -1.71391e-04
2.000 -1.67843e-04
2.025 -1.64192e-04
2.050 -1.60440e-04
2.075 -1.56598e-04
2.100 -1.52684e-04
2.125 -1.48709e-04
2.150 -1.44683e-04
2.175 -1.40603e-04
2.200 -1.36469e-04
2.225 -1.32274e-04
2.250 -1.28014e-04
2.275 -1.23702e-04
2.300 -1.19352e-04
2.325 -1.14974e-04
2.350 -1.10560e-04
2.375 -1.06113e-04
2.400 -1.01642e-04
2.425 -9.71295e-05
2.450 -9.25645e-05
2.475 -8.79637e-05
2.500 -8.33242e-05
2.525 -7.86296e-05
2.550 -7.38884e-05
2.575 -6.91205e-05
2.600 -6.43180e-05
2.625 -5.94346e-05
2.650 -5.44406e-05
2.675 -4.93366e-05
2.700 -4.41218e-05
2.725 -3.87980e-05
2.750 -3.33820e-05
2.775 -2.78747e-05
2.800 -2.22593e-05
2.825 -1.65151e-05
2.850 -1.06348e-05
2.875 -4.62385e-06
2.900  1.51680e-06
2.925  7.77972e-06
2.950  1.41575e-05
2.975  2.06399e-05
3.000  2.72120e-05
3.025  3.38562e-05
3.050  4.05425e-05
3.075  4.72337e-05
3.100  5.38849e-05
3.125  6.04757e-05
3.150  6.70016e-05
3.175  7.34614e-05
3.200  7.98852e-05
3.225  8.63197e-05
3.250  9.27770e-05
3.275  9.92703e-05
3.300  1.05824e-04
3.325  1.12436e-04
3.350  1.19082e-04
3.375  1.25751e-04
3.400  1.32442e-04
3.425  1.39151e-04
3.450  1.45891e-04
3.475  1.52669e-04
3.500  1.59493e-04
3.525  1.66374e-04
3.550  1.73314e-04
3.575  1.80318e-04
3.600  1.87395e-04
3.625  1.94547e-04
3.650  2.01765e-04
3.675  2.09032e-04
3.700  2.16326e-04
3.725  2.23640e-04
3.750  2.30959e-04
3.775  2.38272e-04
3.800  2.45561e-04
3.825  2.52793e-04
3.850  2.59944e-04
3.875  2.66994e-04
3.900  2.73940e-04
3.925  2.80804e-04
3.950  2.87609e-04
3.975  2.94368e-04
4.000  3.01064e-04
4.025  3.07676e-04
4.050  3.14202e-04
4.075  3.20664e-04
4.100  3.27068e-04
4.125  3.33409e-04
4.150  3.39670e-04
4.175  3.45838e-04
4.200  3.51922e-04
4.225  3.57931e-04
4.250  3.63862e-04
4.275  3.69727e-04
4.300  3.75527e-04
4.325  3.81248e-04
4.350  3.86887e-04
4.375  3.92439e-04
4.400  3.97904e-04
4.425  4.03277e-04
4.450  4.08566e-04
4.475  4.13796e-04
4.500  4.18978e-04
4.525  4.24126e-04
4.550  4.29263e-04
4.575  4.34395e-04
4.600  4.39507e-04
4.625  4.44577e-04
4.650  4.49599e-04
4.675  4.54572e-04
4.700  4.59486e-04
4.725  4.64330e-04
4.750  4.69072e-04
4.775  4.73664e-04
4.800  4.78089e-04
4.825  4.82356e-04
4.850  4.86473e-04
4.875  4.90436e-04
4.900  4.94245e-04
4.925  4.97904e-04
4.950  5.01416e-04
4.975  5.04781e-04
5.000  5.08023e-04
5.025  5.11168e-04
5.050  5.14227e-04
5.075  5.17207e-04
5.100  5.20114e-04
5.125  5.22953e-04
5.150  5.25750e-04
5.175  5.28534e-04
5.200  5.31320e-04
5.225  5.34103e-04
5.250  5.36891e-04
5.275  5.39710e-04
5.300  5.42552e-04
5.325  5.45419e-04
5.350  5.48315e-04
5.375  5.51238e-04
5.400  5.54176e-04
5.425  5.57112e-04
5.450  5.60039e-04
5.475  5.62956e-04
5.500  5.65869e-04
5.525  5.68783e-04
5.550  5.71686e-04
5.575  5.74572e-04
5.600  5.77412e-04
5.625  5.80173e-04
5.650  5.82852e-04
5.675  5.85469e-04
5.700  5.88076e-04
5.725  5.90693e-04
5.750  5.93320e-04
5.775  5.95944e-04
5.800  5.98555e-04
5.825  6.01176e-04
5.850  6.03836e-04
5.875  6.06535e-04
5.900  6.09267e-04
5.925  6.12054e-04
5.950  6.14922e-04
5.975  6.17871e-04
6.000  6.20901e-04
6.025  6.24026e-04
6.050  6.27253e-04
6.075  6.30586e-04
6.100  6.34017e-04
6.125  6.37525e-04
6.150  6.41117e-04
6.175  6.44783e-04
6.200  6.48485e-04
6.225  6.52218e-04
6.250  6.55992e-04
6.275  6.59801e-04
6.300  6.63638e-04
6.325  6.67516e-04
6.350  6.71439e-04
6.375  6.75403e-04
6.400  6.79403e-04
6.425  6.83443e-04
6.450  6.87523e-04
6.475  6.91658e-04
6.500  6.95863e-04
6.525  7.00118e-04
6.550  7.04387e-04
6.575  7.08671e-04
6.600  7.12984e-04
6.625  7.17345e-04
6.650  7.21780e-04
6.675  7.26309e-04
6.700  7.30923e-04
6.725  7.35618e-04
6.750  7.40416e-04
6.775  7.45315e-04
6.800  7.50301e-04
6.825  7.55387e-04
6.850  7.60599e-04
6.875  7.65938e-04
6.900  7.71376e-04
6.925  7.76886e-04
6.950  7.82444e-04
6.975  7.88045e-04
7.000  7.93691e-04
7.025  7.99384e-04
7.050  8.05132e-04
7.075  8.10926e-04
7.100  8.16752e-04
7.125  8.22599e-04
7.150  8.28463e-04
7.175  8.34351e-04
7.200  8.40275e-04
7.225  8.46251e-04
7.250  8.52301e-04
7.275  8.58438e-04
7.300  8.64668e-04
7.325  8.70982e-04
7.350  8.77355e-04
7.375  8.83765e-04
7.400  8.90195e-04
7.425  8.96628e-04
7.450  9.03059e-04
7.475  9.09496e-04
7.500  9.15934e-04
7.525  9.22345e-04
7.550  9.28727e-04
7.575  9.35110e-04
7.600  9.41523e-04
7.625  9.47980e-04
7.650  9.54480e-04
7.675  9.61019e-04
7.700  9.67620e-04
7.725  9.74299e-04
7.750  9.81053e-04
7.775  9.87876e-04
7.800  9.94775e-04
7.825  1.00175e-03
7.850  1.00877e-03
7.875  1.01582e-03
7.900  1.02287e-03
7.925  1.02989e-03
7.950  1.03688e-03
7.975  1.04385e-03
8.000  1.05083e-03
8.025  1.05781e-03
8.050  1.06480e-03
8.075  1.07185e-03
8.100  1.07898e-03
8.125  1.08618e-03
8.150  1.09347e-03
8.175  1.10088e-03
8.200  1.10839e-03
8.225  1.11602e-03
8.250  1.12377e-03
8.275  1.13162e-03
8.300  1.13953e-03
8.325  1.14749e-03
8.350  1.15551e-03
8.375  1.16358e-03
8.400  1.17169e-03
8.425  1.17987e-03
8.450  1.18809e-03
8.475  1.19637e-03
8.500  1.20470e-03
8.525  1.21308e-03
8.550  1.22152e-03
8.575  1.23000e-03
8.600  1.23854e-03
8.625  1.24714e-03
8.650  1.25581e-03
8.675  1.26454e-03
8.700  1.27333e-03
8.725  1.28217e-03
8.750  1.29105e-03
8.775  1.29994e-03
8.800  1.30882e-03
8.825  1.31773e-03
8.850  1.32667e-03
8.875  1.33565e-03
8.900  1.34466e-03
8.925  1.35369e-03
8.950  1.36271e-03
8.975  1.37169e-03
9.000  1.38065e-03
9.025  1.38961e-03
9.050  1.39857e-03
9.075  1.40754e-03
9.100  1.41654e-03
9.125  1.42558e-03
9.150  1.43468e-03
9.175  1.44380e-03
9.200  1.45293e-03
9.225  1.46206e-03
9.250  1.47120e-03
9.275  1.48033e-03
9.300  1.48945e-03
9.325  1.49855e-03
9.350  1.50765e-03
9.375  1.51678e-03
9.400  1.52593e-03
9.425  1.53512e-03
9.450  1.54433e-03
9.475  1.55354e-03
9.500  1.56276e-03
9.525  1.57198e-03
9.550  1.58118e-03
9.575  1.59037e-03
9.600  1.59955e-03
9.625  1.60873e-03
9.650  1.61790e-03
9.675  1.62710e-03
9.700  1.63634e-03
9.725  1.64565e-03
9.750  1.65503e-03
9.775  1.66442e-03
9.800  1.67386e-03
9.825  1.68335e-03
9.850  1.69292e-03
9.875  1.70252e-03
9.900  1.71218e-03
9.925  1.72190e-03
9.950  1.73171e-03
9.975  1.74158e-03
10.000  1.75151e-03
10.025  1.76150e-03
10.050  1.77154e-03
10.075  1.78164e-03
10.100  1.79181e-03
10.125  1.80200e-03
10.150  1.81217e-03
10.175  1.82229e-03
10.200  1.83233e-03
10.225  1.84225e-03
10.250  1.85209e-03
10.275  1.86185e-03
10.300  1.87153e-03
10.325  1.88114e-03
10.350  1.89073e-03
10.375  1.90031e-03
10.400  1.90990e-03
10.425  1.91951e-03
10.450  1.92917e-03
10.475  1.93890e-03
10.500  1.94873e-03
10.525  1.95862e-03
10.550  1.96858e-03
10.575  1.97859e-03
10.600  1.98861e-03
10.625  1.99865e-03
10.650  2.00871e-03
10.675  2.01875e-03
10.700  2.02877e-03
10.725  2.03880e-03
10.750  2.04886e-03
10.775  2.05897e-03
10.800  2.06912e-03
10.825  2.07931e-03
10.850  2.08955e-03
10.875  2.09985e-03
10.900  2.11020e-03
10.925  2.12059e-03
10.950  2.13099e-03
10.975  2.14137e-03
11.000  2.15166e-03
11.025  2.16175e-03
11.050  2.17151e-03
11.075  2.18095e-03
11.100  2.19021e-03
11.125  2.19907e-03
11.150  2.20658e-03
11.175  2.21164e-03
11.200  2.21461e-03
11.225  2.21651e-03
11.250  2.21769e-03
11.275  2.21814e-03
11.300  2.21731e-03
11.325  2.21512e-03
11.350  2.21096e-03
11.375  2.20066e-03
11.400  2.17940e-03
11.425  2.14889e-03
11.450  2.11802e-03
11.475  2.09073e-03
11.500  2.06435e-03
11.525  2.03647e-03
11.550  2.00626e-03
11.575  1.97555e-03
11.600  1.94018e-03
11.625  1.88949e-03
11.650  1.82451e-03
11.675  1.76748e-03
11.700  1.74024e-03
11.725  1.74431e-03
11.750  1.76831e-03
11.775  1.79940e-03
11.800  1.82975e-03
11.825  1.84981e-03
11.850  1.84645e-03
11.875  1.82307e-03
11.900  1.80910e-03
11.925  1.82958e-03
11.950  1.89054e-03
11.975  1.98714e-03
12.000  2.09450e-03
12.025  2.18398e-03
12.050  2.23323e-03
12.075  2.22149e-03
12.100  2.14236e-03
12.125  2.00939e-03
12.150  1.85428e-03
12.175  1.72165e-03
12.200  1.65838e-03
12.225  1.67338e-03
12.250  1.71323e-03
12.275  1.71485e-03
12.300  1.64363e-03
12.325  1.47453e-03
12.350  1.19615e-03
12.375  8.29297e-04
12.400  4.41545e-04
12.425  1.41353e-04
12.450  1.08677e-05
12.475  8.39928e-05
12.500  3.45131e-04
12.525  6.98304e-04
12.550  1.03255e-03
12.575  1.26845e-03
12.600  1.35951e-03
12.625  1.32358e-03
12.650  1.21978e-03
12.675  1.15617e-03
12.700  1.27215e-03
12.725  1.62489e-03
12.750  2.14100e-03
12.775  2.66144e-03
12.800  3.04814e-03
12.825  3.23244e-03
12.850  3.17743e-03
12.875  2.91470e-03
12.900  2.57782e-03
12.925  2.33694e-03
12.950  2.32218e-03
12.975  2.57635e-03
13.000  3.04296e-03
13.025  3.57118e-03
13.050  3.94599e-03
13.075  4.01082e-03
13.100  3.78361e-03
13.125  3.42413e-03
13.150  3.15494e-03
13.175  3.16057e-03
13.200  3.48799e-03
13.225  4.08896e-03
13.250  4.85814e-03
13.275  5.62741e-03
13.300  6.23255e-03
13.325  6.58537e-03
13.350  6.74363e-03
13.375  6.90869e-03
13.400  7.29339e-03
13.425  8.00972e-03
13.450  9.02459e-03
13.475  1.01795e-02
13.500  1.13051e-02
13.525  1.22857e-02
13.550  1.30721e-02
13.575  1.37176e-02
13.600  1.43321e-02
13.625  1.50368e-02
13.650  1.59087e-02
13.675  1.68944e-02
13.700  1.78687e-02
13.725  1.87370e-02
13.750  1.94699e-02
13.775  2.00900e-02
13.800  2.06199e-02
13.825  2.10781e-02
13.850  2.15108e-02
13.875  2.19660e-02
13.900  2.24617e-02
13.925  2.29857e-02
13.950  2.34853e-02
13.975  2.39128e-02
14.000  2.42641e-02
14.025  2.45595e-02
14.050  2.48632e-02
14.075  2.52578e-02
14.100  2.57790e-02
14.125  2.64143e-02
14.150  2.71007e-02
14.175  2.77361e-02
14.200  2.82476e-02
14.225  2.86464e-02
14.250  2.90235e-02
14.275  2.94921e-02
14.300  3.00959e-02
14.325  3.07585e-02
14.350  3.13581e-02
14.375  3.18016e-02
14.400  3.19936e-02
14.425  3.18745e-02
14.450  3.15203e-02
14.475  3.11011e-02
14.500  3.07574e-02
14.525  3.05459e-02
14.550  3.04101e-02
14.575  3.02133e-02
14.600  2.98286e-02
14.625  2.91592e-02
14.650  2.81843e-02
14.675  2.69668e-02
14.700  2.55926e-02
14.725  2.41974e-02
14.750  2.29266e-02
14.775  2.18302e-02
14.800  2.08971e-02
14.825  2.00988e-02
14.850  1.93649e-02
14.875  1.85971e-02
14.900  1.77214e-02
14.925  1.67496e-02
14.950  1.57542e-02
14.975  1.47783e-02
15.000  1.38515e-02
15.025  1.30018e-02
15.050  1.22087e-02
15.075  1.14106e-02
15.100  1.05375e-02
15.125  9.55041e-03
15.150  8.44924e-03
15.175  7.24882e-03
15.200  5.98988e-03
15.225  4.74943e-03
15.250  3.61676e-03
15.275  2.65086e-03
15.300  1.85037e-03
15.325  1.18944e-03
15.350  6.65337e-04
15.375  2.85030e-04
15.400  3.98591e-05
15.425 -6.37558e-05
15.450 -2.82866e-06
15.475  1.85578e-04
15.500  4.43922e-04
15.525  7.79930e-04
15.550  1.23728e-03
15.575  1.83389e-03
15.600  2.49640e-03
15.625  3.10135e-03
15.650  3.59492e-03
15.675  3.98374e-03
15.700  4.29391e-03
15.725  4.59923e-03
15.750  4.99046e-03
15.775  5.52745e-03
15.800  6.24948e-03
15.825  7.16039e-03
15.850  8.20370e-03
15.875  9.27846e-03
15.900  1.03080e-02
15.925  1.12948e-02
15.950  1.22899e-02
15.975  1.33785e-02
16.000  1.46537e-02
16.025  1.60915e-02
16.050  1.75463e-02
16.075  1.88792e-02
16.100  2.00155e-02
16.125  2.09693e-02
16.150  2.18058e-02
16.175  2.25671e-02
16.200  2.32571e-02
16.225  2.38489e-02
16.250  2.43615e-02
16.275  2.48561e-02
16.300  2.53236e-02
16.325  2.57063e-02
16.350  2.59843e-02
16.375  2.62198e-02
16.400  2.65348e-02
16.425  2.70336e-02
16.450  2.77661e-02
16.475  2.87114e-02
16.500  2.97840e-02
16.525  3.08681e-02
16.550  3.18531e-02
16.575  3.26812e-02
16.600  3.33833e-02
16.625  3.40849e-02
16.650  3.49576e-02
16.675  3.61323e-02
16.700  3.76097e-02
16.725  3.92445e-02
16.750  4.08644e-02
16.775  4.23568e-02
16.800  4.36505e-02
16.825  4.47422e-02
16.850  4.57249e-02
16.875  4.67139e-02
16.900  4.77494e-02
16.925  4.87764e-02
16.950  4.97106e-02
16.975  5.05013e-02
17.000  5.11270e-02
17.025  5.15859e-02
17.050  5.19079e-02
17.075  5.21506e-02
17.100  5.23701e-02
17.125  5.26122e-02
17.150  5.28913e-02
17.175  5.31521e-02
17.200  5.33053e-02
17.225  5.32576e-02
17.250  5.29454e-02
17.275  5.24088e-02
17.300  5.17798e-02
17.325  5.12210e-02
17.350  5.08567e-02
17.375  5.07159e-02
17.400  5.07386e-02
17.425  5.07960e-02
17.450  5.07472e-02
17.475  5.05280e-02
17.500  5.01914e-02
17.525  4.98763e-02
17.550  4.97417e-02
17.575  4.99152e-02
17.600  5.04467e-02
17.625  5.12986e-02
17.650  5.23570e-02
17.675  5.34372e-02
17.700  5.43423e-02
17.725  5.49526e-02
17.750  5.52518e-02
17.775  5.52726e-02
17.800  5.50354e-02
17.825  5.45339e-02
17.850  5.37566e-02
17.875  5.26906e-02
17.900  5.13120e-02
17.925  4.96266e-02
17.950  4.77002e-02
17.975  4.56418e-02
18.000  4.35786e-02
18.025  4.16147e-02
18.050  3.97887e-02
18.075  3.80638e-02
18.100  3.63846e-02
18.125  3.47555e-02
18.150  3.32440e-02
18.175  3.19383e-02
18.200  3.09285e-02
18.225  3.03096e-02
18.250  3.01541e-02
18.275  3.04484e-02
18.300  3.10848e-02
18.325  3.19039e-02
18.350  3.27348e-02
18.375  3.34477e-02
18.400  3.39830e-02
18.425  3.43473e-02
18.450  3.45670e-02
18.475  3.46278e-02
18.500  3.45052e-02
18.525  3.41955e-02
18.550  3.36875e-02
18.575  3.29354e-02
18.600  3.18694e-02
18.625  3.04475e-02
18.650  2.87036e-02
18.675  2.67434e-02
18.700  2.47034e-02
18.725  2.27331e-02
18.750  2.09658e-02
18.775  1.94774e-02
18.800  1.83038e-02
18.825  1.74801e-02
18.850  1.70270e-02
18.875  1.69415e-02
18.900  1.72572e-02
18.925  1.80268e-02
18.950  1.92254e-02
18.975  2.07656e-02
19.000  2.25676e-02
19.025  2.45663e-02
19.050  2.66740e-02
19.075  2.87871e-02
19.100  3.08771e-02
19.125  3.29635e-02
19.150  3.49944e-02
19.175  3.68967e-02
19.200  3.86413e-02
19.225  4.02149e-02
19.250  4.16353e-02
19.275  4.29558e-02
19.300  4.42242e-02
19.325  4.54082e-02
19.350  4.63736e-02
19.375  4.70098e-02
19.400  4.73006e-02
19.425  4.72774e-02
19.450  4.70049e-02
19.475  4.65411e-02
19.500  4.59062e-02
19.525  4.51226e-02
19.550  4.42182e-02
19.575  4.32067e-02
19.600  4.20793e-02
19.625  4.08121e-02
19.650  3.93967e-02
19.675  3.78474e-02
19.700  3.62021e-02
19.725  3.45075e-02
19.750  3.27931e-02
19.775  3.10777e-02
19.800  2.93462e-02
19.825  2.75538e-02
19.850  2.56919e-02
19.875  2.38139e-02
19.900  2.20145e-02
19.925  2.03526e-02
19.950  1.88119e-02
19.975  1.73762e-02
20.000  1.60295e-02
20.025  1.46715e-02
20.050  1.31484e-02
20.075  1.13599e-02
20.100  9.29461e-03
20.125  7.00239e-03
20.150  4.56162e-03
20.175  2.04396e-03
20.200 -5.40353e-04
20.225 -3.26446e-03
20.250 -6.21418e-03
20.275 -9.41026e-03
20.300 -1.28181e-02
20.325 -1.63733e-02
20.350 -1.99801e-02
20.375 -2.35519e-02
20.400 -2.70879e-02
20.425 -3.06970e-02
20.450 -3.45327e-02
20.475 -3.87089e-02
20.500 -4.32368e-02
20.525 -4.80161e-02
20.550 -5.29285e-02
20.575 -5.79083e-02
20.600 -6.29099e-02
20.625 -6.79074e-02
20.650 -7.29195e-02
20.675 -7.79875e-02
20.700 -8.31515e-02
20.725 -8.84262e-02
20.750 -9.37839e-02
20.775 -9.91725e-02
20.800 -1.04554e-01
20.825 -1.09930e-01
20.850 -1.15319e-01
20.875 -1.20735e-01
20.900 -1.26182e-01
20.925 -1.31651e-01
20.950 -1.37090e-01
20.975 -1.42389e-01
21.000 -1.47413e-01
21.025 -1.52035e-01
21.050 -1.56178e-01
21.075 -1.59836e-01
21.100 -1.63113e-01
21.125 -1.66194e-01
21.150 -1.69244e-01
21.175 -1.72348e-01
21.200 -1.75481e-01
21.225 -1.78516e-01
21.250 -1.81324e-01
21.275 -1.83843e-01
21.300 -1.86138e-01
21.325 -1.88395e-01
21.350 -1.90780e-01
21.375 -1.93319e-01
21.400 -1.95898e-01
21.425 -1.98337e-01
21.450 -2.00494e-01
21.475 -2.02375e-01
21.500 -2.04068e-01
21.525 -2.05598e-01
21.550 -2.06858e-01
21.575 -2.07628e-01
21.600 -2.07690e-01
21.625 -2.06986e-01
21.650 -2.05635e-01
21.675 -2.03863e-01
21.700 -2.01849e-01
21.725 -1.99620e-01
21.750 -1.97045e-01
21.775 -1.93944e-01
21.800 -1.90169e-01
21.825 -1.85626e-01
21.850 -1.80259e-01
21.875 -1.73987e-01
21.900 -1.66700e-01
21.925 -1.58363e-01
21.950 -1.49063e-01
21.975 -1.38946e-01
22.000 -1.28168e-01
22.025 -1.16905e-01
22.050 -1.05392e-01
22.075 -9.39596e-02
22.100 -8.30315e-02
22.125 -7.30270e-02
22.150 -6.42520e-02
22.175 -5.68807e-02
22.200 -5.10103e-02
22.225 -4.66709e-02
22.250 -4.37876e-02
22.275 -4.21941e-02
22.300 -4.16819e-02
22.325 -4.19842e-02
22.350 -4.27590e-02
22.375 -4.36800e-02
22.400 -4.45335e-02
22.425 -4.52313e-02
22.450 -4.57580e-02
22.475 -4.60908e-02
22.500 -4.61616e-02
22.525 -4.59123e-02
22.550 -4.53982e-02
22.575 -4.48516e-02
22.600 -4.46129e-02
22.625 -4.49390e-02
22.650 -4.58600e-02
22.675 -4.71703e-02
22.700 -4.85202e-02
22.725 -4.95706e-02
22.750 -5.01408e-02
22.775 -5.02449e-02
22.800 -5.00239e-02
22.825 -4.96471e-02
22.850 -4.92306e-02
22.875 -4.88126e-02
22.900 -4.83426e-02
22.925 -4.77091e-02
22.950 -4.68166e-02
22.975 -4.56285e-02
23.000 -4.42011e-02
23.025 -4.26798e-02
23.050 -4.12524e-02
23.075 -4.00816e-02
23.100 -3.91974e-02
23.125 -3.84664e-02
23.150 -3.76867e-02
23.175 -3.66836e-02
23.200 -3.53137e-02
23.225 -3.34483e-02
23.250 -3.09563e-02
23.275 -2.76663e-02
23.300 -2.33983e-02
23.325 -1.80361e-02
23.350 -1.15915e-02
23.375 -4.21090e-03
23.400  3.90206e-03
23.425  1.25200e-02
23.450  2.13720e-02
23.475  3.01336e-02
23.500  3.84767e-02
23.525  4.61917e-02
23.550  5.32643e-02
23.575  5.97677e-02
23.600  6.56512e-02
23.625  7.07292e-02
23.650  7.48572e-02
23.675  7.80329e-02
23.700  8.03501e-02
23.725  8.19338e-02
23.750  8.29244e-02
23.775  8.34081e-02
23.800  8.33541e-02
23.825  8.26543e-02
23.850  8.12167e-02
23.875  7.90516e-02
23.900  7.62334e-02
23.925  7.28237e-02
23.950  6.88528e-02
23.975  6.42926e-02
24.000  5.91092e-02
24.025  5.33619e-02
24.050  4.71748e-02
24.075  4.06747e-02
24.100  3.39771e-02
24.125  2.71566e-02
24.150  2.02334e-02
24.175  1.31739e-02
24.200  5.92078e-03
24.225 -1.51059e-03
24.250 -8.99630e-03
24.275 -1.63524e-02
24.300 -2.34014e-02
24.325 -3.00209e-02
24.350 -3.61197e-02
24.375 -4.16185e-02
24.400 -4.64932e-02
24.425 -5.07793e-02
24.450 -5.45790e-02
24.475 -5.81253e-02
24.500 -6.17428e-02
24.525 -6.57090e-02
24.550 -7.01474e-02
24.575 -7.49845e-02
24.600 -8.00148e-02
24.625 -8.50323e-02
24.650 -8.99131e-02
24.675 -9.46188e-02
24.700 -9.91637e-02
24.725 -1.03527e-01
24.750 -1.07579e-01
24.775 -1.11150e-01
24.800 -1.14144e-01
24.825 -1.16604e-01
24.850 -1.18741e-01
24.875 -1.20840e-01
24.900 -1.23145e-01
24.925 -1.25789e-01
24.950 -1.28791e-01
24.975 -1.32035e-01
25.000 -1.35318e-01
25.025 -1.38450e-01
25.050 -1.41340e-01
25.075 -1.44037e-01
25.100 -1.46697e-01
25.125 -1.49463e-01
25.150 -1.52363e-01
25.175 -1.55275e-01
25.200 -1.57957e-01
25.225 -1.60139e-01
25.250 -1.61633e-01
25.275 -1.62315e-01
25.300 -1.62049e-01
25.325 -1.60717e-01
25.350 -1.58246e-01
25.375 -1.54589e-01
25.400 -1.49703e-01
25.425 -1.43559e-01
25.450 -1.36186e-01
25.475 -1.27712e-01
25.500 -1.18322e-01
25.525 -1.08230e-01
25.550 -9.76567e-02
25.575 -8.68443e-02
25.600 -7.60628e-02
25.625 -6.55822e-02
25.650 -5.56544e-02
25.675 -4.64952e-02
25.700 -3.81969e-02
25.725 -3.07219e-02
25.750 -2.40327e-02
25.775 -1.81532e-02
25.800 -1.31326e-02
25.825 -8.99644e-03
25.850 -5.70293e-03
25.875 -3.14981e-03
25.900 -1.16818e-03
25.925  4.84696e-04
25.950  2.05521e-03
25.975  3.72900e-03
26.000  5.56169e-03
26.025  7.45905e-03
26.050  9.31551e-03
26.075  1.11323e-02
26.100  1.30046e-02
26.125  1.50524e-02
26.150  1.73327e-02
26.175  1.98171e-02
26.200  2.24316e-02
26.225  2.50491e-02
26.250  2.74791e-02
26.275  2.95341e-02
26.300  3.11324e-02
26.325  3.23113e-02
26.350  3.31275e-02
26.375  3.36394e-02
26.400  3.39802e-02
26.425  3.43090e-02
26.450  3.47112e-02
26.475  3.52053e-02
26.500  3.57582e-02
26.525  3.62646e-02
26.550  3.65674e-02
26.575  3.65152e-02
26.600  3.60183e-02
26.625  3.50739e-02
26.650  3.37817e-02
26.675  3.23484e-02
26.700  3.09975e-02
26.725  2.98228e-02
26.750  2.87041e-02
26.775  2.73556e-02
26.800  2.54749e-02
26.825  2.28597e-02
26.850  1.94499e-02
26.875  1.53180e-02
26.900  1.06114e-02
26.925  5.47549e-03
26.950  3.20654e-05
26.975 -5.59044e-03
27.000 -1.12772e-02
27.025 -1.69584e-02
27.050 -2.26076e-02
27.075 -2.82243e-02
27.100 -3.37725e-02
27.125 -3.91258e-02
27.150 -4.40847e-02
27.175 -4.84450e-02
27.200 -5.20684e-02
27.225 -5.49148e-02
27.250 -5.70425e-02
27.275 -5.85541e-02
27.300 -5.94780e-02
27.325 -5.97696e-02
27.350 -5.94411e-02
27.375 -5.85940e-02
27.400 -5.73570e-02
27.425 -5.58247e-02
27.450 -5.40124e-02
27.475 -5.19026e-02
27.500 -4.95555e-02
27.525 -4.71460e-02
27.550 -4.49106e-02
27.575 -4.30661e-02
27.600 -4.17503e-02
27.625 -4.10123e-02
27.650 -4.08493e-02
27.675 -4.12518e-02
27.700 -4.21978e-02
27.725 -4.36042e-02
27.750 -4.53161e-02
27.775 -4.71409e-02
27.800 -4.89236e-02
27.825 -5.05944e-02
27.850 -5.20912e-02
27.875 -5.32824e-02
27.900 -5.39913e-02
27.925 -5.40625e-02
27.950 -5.34160e-02
27.975 -5.20367e-02
28.000 -4.99158e-02
28.025 -4.70136e-02
28.050 -4.32475e-02
28.075 -3.85207e-02
28.100 -3.28053e-02
28.125 -2.61929e-02
28.150 -1.88497e-02
28.175 -1.09285e-02
28.200 -2.53049e-03
28.225  6.28759e-03
28.250  1.55189e-02
28.275  2.51768e-02
28.300  3.52148e-02
28.325  4.54976e-02
28.350  5.58271e-02
28.375  6.59640e-02
28.400  7.56707e-02
28.425  8.47776e-02
28.450  9.32114e-02
28.475  1.00986e-01
28.500  1.08158e-01
28.525  1.14771e-01
28.550  1.20870e-01
28.575  1.26559e-01
28.600  1.31995e-01
28.625  1.37300e-01
28.650  1.42494e-01
28.675  1.47569e-01
28.700  1.52564e-01
28.725  1.57526e-01
28.750  1.62471e-01
28.775  1.67377e-01
28.800  1.72158e-01
28.825  1.76639e-01
28.850  1.80563e-01
28.875  1.83659e-01
28.900  1.85689e-01
28.925  1.86462e-01
28.950  1.85875e-01
28.975  1.83939e-01
29.000  1.80769e-01
29.025  1.76519e-01
29.050  1.71323e-01
29.075  1.65254e-01
29.100  1.58325e-01
29.125  1.50591e-01
29.150  1.42241e-01
29.175  1.33601e-01
29.200  1.25048e-01
29.225  1.16914e-01
29.250  1.09486e-01
29.275  1.03013e-01
29.300  9.76686e-02
29.325  9.35132e-02
29.350  9.04587e-02
29.375  8.83268e-02
29.400  8.69533e-02
29.425  8.62183e-02
29.450  8.60651e-02
29.475  8.64933e-02
29.500  8.74904e-02
29.525  8.89844e-02
29.550  9.08220e-02
29.575  9.28073e-02
29.600  9.47925e-02
29.625  9.67223e-02
29.650  9.86179e-02
29.675  1.00526e-01
29.700  1.02505e-01
29.725  1.04654e-01
29.750  1.07101e-01
29.775  1.09919e-01
29.800  1.13051e-01
29.825  1.16338e-01
29.850  1.19598e-01
29.875  1.22696e-01
29.900  1.25568e-01
29.925  1.28186e-01
29.950  1.30502e-01
29.975  1.32433e-01
30.000  1.33874e-01
30.025  1.34710e-01
30.050  1.34826e-01
30.075  1.34148e-01
30.100  1.32672e-01
30.125  1.30450e-01
30.150  1.27570e-01
30.175  1.24118e-01
30.200  1.20121e-01
30.225  1.15573e-01
30.250  1.10546e-01
30.275  1.05239e-01
30.300  9.99148e-02
30.325  9.48047e-02
30.350  9.01030e-02
30.375  8.60019e-02
30.400  8.26547e-02
30.425  8.01380e-02
30.450  7.84684e-02
30.475  7.76049e-02
30.500  7.74462e-02
30.525  7.78631e-02
30.550  7.87163e-02
30.575  7.98374e-02
30.600  8.10340e-02
30.625  8.21285e-02
30.650  8.29811e-02
30.675  8.34950e-02
30.700  8.36132e-02
30.725  8.32890e-02
30.750  8.24382e-02
30.775  8.09574e-02
30.800  7.88001e-02
30.825  7.59992e-02
30.850  7.26659e-02
30.875  6.89777e-02
30.900  6.51207e-02
30.925  6.12442e-02
30.950  5.74380e-02
30.975  5.37319e-02
31.000  5.01319e-02
31.025  4.66671e-02
31.050  4.34262e-02
31.075  4.05328e-02
31.100  3.80919e-02
31.125  3.61803e-02
31.150  3.48564e-02
31.175  3.41684e-02
31.200  3.41620e-02
31.225  3.48441e-02
31.250  3.61471e-02
31.275  3.79643e-02
31.300  4.02199e-02
31.325  4.28976e-02
31.350  4.59880e-02
31.375  4.94190e-02
31.400  5.30733e-02
31.425  5.68482e-02
31.450  6.06740e-02
31.475  6.45041e-02
31.500  6.82858e-02
31.525  7.19515e-02
31.550  7.54682e-02
31.575  7.88696e-02
31.600  8.22096e-02
31.625  8.55071e-02
31.650  8.87455e-02
31.675  9.19025e-02
31.700  9.49496e-02
31.725  9.78293e-02
31.750  1.00469e-01
31.775  1.02786e-01
31.800  1.04670e-01
31.825  1.06007e-01
31.850  1.06702e-01
31.875  1.06697e-01
31.900  1.05986e-01
31.925  1.04573e-01
31.950  1.02445e-01
31.975  9.95973e-02
32.000  9.60580e-02
32.025  9.19305e-02
32.050  8.74170e-02
32.075  8.27907e-02
32.100  7.83514e-02
32.125  7.43686e-02
32.150  7.10607e-02
32.175  6.85898e-02
32.200  6.70258e-02
32.225  6.63371e-02
32.250  6.64398e-02
32.275  6.72601e-02
32.300  6.87600e-02
32.325  7.09149e-02
32.350  7.36527e-02
32.375  7.68131e-02
32.400  8.01708e-02
32.425  8.34816e-02
32.450  8.65287e-02
32.475  8.91494e-02
32.500  9.12437e-02
32.525  9.27911e-02
32.550  9.38186e-02
32.575  9.43273e-02
32.600  9.42536e-02
32.625  9.34811e-02
32.650  9.18968e-02
32.675  8.94276e-02
32.700  8.60359e-02
32.725  8.17413e-02
32.750  7.66398e-02
32.775  7.08920e-02
32.800  6.46977e-02
32.825  5.82307e-02
32.850  5.15844e-02
32.875  4.47939e-02
32.900  3.78938e-02
32.925  3.09603e-02
32.950  2.41251e-02
32.975  1.75548e-02
33.000  1.14238e-02
33.025  5.87716e-03
33.050  9.96809e-04
33.075 -3.20817e-03
33.100 -6.81044e-03
33.125 -9.94836e-03
33.150 -1.27598e-02
33.175 -1.53125e-02
33.200 -1.75927e-02
33.225 -1.95392e-02
33.250 -2.11043e-02
33.275 -2.23226e-02
33.300 -2.33091e-02
33.325 -2.41908e-02
33.350 -2.50527e-02
33.375 -2.59350e-02
33.400 -2.68570e-02
33.425 -2.78389e-02
33.450 -2.89262e-02
33.475 -3.01699e-02
33.500 -3.15840e-02
33.525 -3.31503e-02
33.550 -3.48425e-02
33.575 -3.66405e-02
33.600 -3.85582e-02
33.625 -4.06543e-02
33.650 -4.29896e-02
33.675 -4.55959e-02
33.700 -4.84627e-02
33.725 -5.15309e-02
33.750 -5.47435e-02
33.775 -5.80968e-02
33.800 -6.16287e-02
33.825 -6.53788e-02
33.850 -6.93311e-02
33.875 -7.34030e-02
33.900 -7.75108e-02
33.925 -8.16097e-02
33.950 -8.56653e-02
33.975 -8.96397e-02
34.000 -9.35054e-02
34.025 -9.72222e-02
34.050 -1.00712e-01
34.075 -1.03897e-01
34.100 -1.06737e-01
34.125 -1.09214e-01
34.150 -1.11299e-01
34.175 -1.12937e-01
34.200 -1.14073e-01
34.225 -1.14708e-01
34.250 -1.14868e-01
34.275 -1.14549e-01
34.300 -1.13713e-01
34.325 -1.12341e-01
34.350 -1.10468e-01
34.375 -1.08196e-01
34.400 -1.05695e-01
34.425 -1.03147e-01
34.450 -1.00696e-01
34.475 -9.84199e-02
34.500 -9.63432e-02
34.525 -9.45218e-02
34.550 -9.31101e-02
34.575 -9.22955e-02
34.600 -9.21708e-02
34.625 -9.26900e-02
34.650 -9.37392e-02
34.675 -9.52381e-02
34.700 -9.71649e-02
34.725 -9.95055e-02
34.750 -1.02217e-01
34.775 -1.05201e-01
34.800 -1.08298e-01
34.825 -1.11343e-01
34.850 -1.14216e-01
34.875 -1.16842e-01
34.900 -1.19189e-01
34.925 -1.21239e-01
34.950 -1.22955e-01
34.975 -1.24326e-01
35.000 -1.25404e-01
35.025 -1.26304e-01
35.050 -1.27164e-01
35.075 -1.28077e-01
35.100 -1.29072e-01
35.125 -1.30173e-01
35.150 -1.31431e-01
35.175 -1.32907e-01
35.200 -1.34604e-01
35.225 -1.36452e-01
35.250 -1.38372e-01
35.275 -1.40337e-01
35.300 -1.42354e-01
35.325 -1.44400e-01
35.350 -1.46365e-01
35.375 -1.48081e-01
35.400 -1.49402e-01
35.425 -1.50229e-01
35.450 -1.50498e-01
35.475 -1.50187e-01
35.500 -1.49317e-01
35.525 -1.47940e-01
35.550 -1.46128e-01
35.575 -1.43965e-01
35.600 -1.41521e-01
35.625 -1.38837e-01
35.650 -1.35964e-01
35.675 -1.32988e-01
35.700 -1.30036e-01
35.725 -1.27265e-01
35.750 -1.24840e-01
35.775 -1.22873e-01
35.800 -1.21387e-01
35.825 -1.20352e-01
35.850 -1.19711e-01
35.875 -1.19384e-01
35.900 -1.19253e-01
35.925 -1.19184e-01
35.950 -1.19045e-01
35.975 -1.18697e-01
36.000 -1.18018e-01
36.025 -1.16925e-01
36.050 -1.15387e-01
36.075 -1.13397e-01
36.100 -1.10932e-01
36.125 -1.07962e-01
36.150 -1.04514e-01
36.175 -1.00654e-01
36.200 -9.64535e-02
36.225 -9.19903e-02
36.250 -8.73630e-02
36.275 -8.26530e-02
36.300 -7.78884e-02
36.325 -7.30890e-02
36.350 -6.83149e-02
36.375 -6.36506e-02
36.400 -5.91774e-02
36.425 -5.49553e-02
36.450 -5.10132e-02
36.475 -4.73515e-02
36.500 -4.39566e-02
36.525 -4.08292e-02
36.550 -3.79883e-02
36.575 -3.54302e-02
36.600 -3.31140e-02
36.625 -3.10038e-02
36.650 -2.90918e-02
36.675 -2.73693e-02
36.700 -2.57900e-02
36.725 -2.42570e-02
36.750 -2.26355e-02
36.775 -2.07834e-02
36.800 -1.85755e-02
36.825 -1.59300e-02
36.850 -1.28300e-02
36.875 -9.30228e-03
36.900 -5.37483e-03
36.925 -1.06021e-03
36.950  3.60817e-03
36.975  8.52868e-03
37.000  1.35450e-02
37.025  1.84985e-02
37.050  2.32482e-02
37.075  2.76751e-02
37.100  3.16969e-02
37.125  3.52610e-02
37.150  3.83196e-02
37.175  4.08093e-02
37.200  4.26611e-02
37.225  4.38343e-02
37.250  4.43281e-02
37.275  4.41839e-02
37.300  4.34908e-02
37.325  4.23834e-02
37.350  4.10256e-02
37.375  3.95761e-02
37.400  3.81680e-02
37.425  3.68933e-02
37.450  3.57935e-02
37.475  3.49033e-02
37.500  3.42880e-02
37.525  3.40385e-02
37.550  3.42722e-02
37.575  3.51265e-02
37.600  3.67313e-02
37.625  3.91705e-02
37.650  4.24385e-02
37.675  4.64473e-02
37.700  5.10889e-02
37.725  5.62746e-02
37.750  6.19197e-02
37.775  6.79199e-02
37.800  7.41549e-02
37.825  8.05008e-02
37.850  8.68259e-02
37.875  9.29932e-02
37.900  9.88779e-02
37.925  1.04374e-01
37.950  1.09381e-01
37.975  1.13810e-01
38.000  1.17610e-01
38.025  1.20765e-01
38.050  1.23292e-01
38.075  1.25228e-01
38.100  1.26617e-01
38.125  1.27513e-01
38.150  1.27966e-01
38.175  1.27983e-01
38.200  1.27543e-01
38.225  1.26624e-01
38.250  1.25249e-01
38.275  1.23510e-01
38.300  1.21545e-01
38.325  1.19494e-01
38.350  1.17460e-01
38.375  1.15491e-01
38.400  1.13596e-01
38.425  1.11762e-01
38.450  1.09983e-01
38.475  1.08306e-01
38.500  1.06834e-01
38.525  1.05688e-01
38.550  1.04950e-01
38.575  1.04645e-01
38.600  1.04744e-01
38.625  1.05200e-01
38.650  1.05961e-01
38.675  1.06964e-01
38.700  1.08127e-01
38.725  1.09344e-01
38.750  1.10522e-01
38.775  1.11614e-01
38.800  1.12603e-01
38.825  1.13470e-01
38.850  1.14205e-01
38.875  1.14810e-01
38.900  1.15284e-01
38.925  1.15608e-01
38.950  1.15736e-01
38.975  1.15616e-01
39.000  1.15239e-01
39.025  1.14653e-01
39.050  1.13935e-01
39.075  1.13155e-01
39.100  1.12336e-01
39.125  1.11464e-01
39.150  1.10520e-01
39.175  1.09498e-01
39.200  1.08401e-01
39.225  1.07230e-01
39.250  1.05991e-01
39.275  1.04696e-01
39.300  1.03346e-01
39.325  1.01935e-01
39.350  1.00463e-01
39.375  9.89272e-02
39.400  9.73056e-02
39.425  9.55596e-02
39.450  9.36485e-02
39.475  9.15400e-02
39.500  8.92252e-02
39.525  8.67355e-02
39.550  8.41496e-02
39.575  8.15640e-02
39.600  7.90409e-02
39.625  7.65874e-02
39.650  7.41676e-02
39.675  7.17157e-02
39.700  6.91583e-02
39.725  6.64349e-02
39.750  6.34833e-02
39.775  6.02300e-02
39.800  5.66065e-02
39.825  5.25492e-02
39.850  4.80205e-02
39.875  4.30558e-02
39.900  3.77602e-02
39.925  3.22573e-02
39.950  2.66540e-02
39.975  2.10490e-02
40.000  1.55504e-02
40.025  1.02587e-02
40.050  5.24048e-03
40.075  5.26730e-04
40.100 -3.87136e-03
40.125 -7.95020e-03
40.150 -1.17115e-02
40.175 -1.51594e-02
40.200 -1.83027e-02
40.225 -2.11761e-02
40.250 -2.38448e-02
40.275 -2.63800e-02
40.300 -2.88306e-02
40.325 -3.12155e-02
40.350 -3.35374e-02
40.375 -3.58031e-02
40.400 -3.80507e-02
40.425 -4.03513e-02
40.450 -4.27736e-02
40.475 -4.53519e-02
40.500 -4.80964e-02
40.525 -5.10202e-02
40.550 -5.41371e-02
40.575 -5.74396e-02
40.600 -6.09023e-02
40.625 -6.45022e-02
40.650 -6.82285e-02
40.675 -7.20898e-02
40.700 -7.61161e-02
40.725 -8.03291e-02
40.750 -8.46960e-02
40.775 -8.91251e-02
40.800 -9.35047e-02
40.825 -9.77311e-02
40.850 -1.01716e-01
40.875 -1.05395e-01
40.900 -1.08728e-01
40.925 -1.11693e-01
40.950 -1.14278e-01
40.975 -1.16475e-01
41.000 -1.18299e-01
41.025 -1.19779e-01
41.050 -1.20955e-01
41.075 -1.21870e-01
41.100 -1.22569e-01
41.125 -1.23087e-01
41.150 -1.23433e-01
41.175 -1.23590e-01
41.200 -1.23526e-01
41.225 -1.23196e-01
41.250 -1.22542e-01
41.275 -1.21490e-01
41.300 -1.19989e-01
41.325 -1.18031e-01
41.350 -1.15639e-01
41.375 -1.12848e-01
41.400 -1.09701e-01
41.425 -1.06258e-01
41.450 -1.02578e-01
41.475 -9.87039e-02
41.500 -9.46738e-02
41.525 -9.05501e-02
41.550 -8.64175e-02
41.575 -8.23612e-02
41.600 -7.84515e-02
41.625 -7.47374e-02
41.650 -7.12491e-02
41.675 -6.80105e-02
41.700 -6.50409e-02
41.725 -6.23432e-02
41.750 -5.99009e-02
41.775 -5.76917e-02
41.800 -5.56895e-02
41.825 -5.38550e-02
41.850 -5.21491e-02
41.875 -5.05551e-02
41.900 -4.90811e-02
41.925 -4.77541e-02
41.950 -4.66142e-02
41.975 -4.56997e-02
42.000 -4.50342e-02
42.025 -4.46215e-02
42.050 -4.44418e-02
42.075 -4.44672e-02
42.100 -4.46873e-02
42.125 -4.51206e-02
42.150 -4.58000e-02
42.175 -4.67408e-02
42.200 -4.79224e-02
42.225 -4.93053e-02
42.250 -5.08612e-02
42.275 -5.25853e-02
42.300 -5.44841e-02
42.325 -5.65589e-02
42.350 -5.87997e-02
42.375 -6.11833e-02
42.400 -6.36645e-02
42.425 -6.61646e-02
42.450 -6.85808e-02
42.475 -7.08113e-02
42.500 -7.27786e-02
42.525 -7.44518e-02
42.550 -7.58538e-02
42.575 -7.70293e-02
42.600 -7.79989e-02
42.625 -7.87503e-02
42.650 -7.92544e-02
42.675 -7.94669e-02
42.700 -7.93334e-02
42.725 -7.88118e-02
42.750 -7.78776e-02
42.775 -7.65063e-02
42.800 -7.46657e-02
42.825 -7.23313e-02
42.850 -6.95029e-02
42.875 -6.62043e-02
42.900 -6.24696e-02
42.925 -5.83242e-02
42.950 -5.37851e-02
42.975 -4.88790e-02
43.000 -4.36445e-02
43.025 -3.81312e-02
43.050 -3.24077e-02
43.075 -2.65565e-02
43.100 -2.06606e-02
43.125 -1.47963e-02
43.150 -9.02613e-03
43.175 -3.39045e-03
43.200  2.09887e-03
43.225  7.45177e-03
43.250  1.26820e-02
43.275  1.77911e-02
43.300  2.27640e-02
43.325  2.75723e-02
43.350  3.21777e-02
43.375  3.65419e-02
43.400  4.06395e-02
43.425  4.44643e-02
43.450  4.80268e-02
43.475  5.13420e-02
43.500  5.44213e-02
43.525  5.72725e-02
43.550  5.99002e-02
43.575  6.23128e-02
43.600  6.45325e-02
43.625  6.65802e-02
43.650  6.84519e-02
43.675  7.01336e-02
43.700  7.16279e-02
43.725  7.29514e-02
43.750  7.41189e-02
43.775  7.51469e-02
43.800  7.60636e-02
43.825  7.69082e-02
43.850  7.77274e-02
43.875  7.85705e-02
43.900  7.94809e-02
43.925  8.04911e-02
43.950  8.16223e-02
43.975  8.28766e-02
44.000  8.42272e-02
44.025  8.56190e-02
44.050  8.69894e-02
44.075  8.82947e-02
44.100  8.95087e-02
44.125  9.06065e-02
44.150  9.15643e-02
44.175  9.23690e-02
44.200  9.30234e-02
44.225  9.35463e-02
44.250  9.39642e-02
44.275  9.43033e-02
44.300  9.45808e-02
44.325  9.48015e-02
44.350  9.49652e-02
44.375  9.50666e-02
44.400  9.50900e-02
44.425  9.50114e-02
44.450  9.48024e-02
44.475  9.44355e-02
44.500  9.38872e-02
44.525  9.31305e-02
44.550  9.21333e-02
44.575  9.08606e-02
44.600  8.92777e-02
44.625  8.73558e-02
44.650  8.50848e-02
44.675  8.24789e-02
44.700  7.95648e-02
44.725  7.63656e-02
44.750  7.28969e-02
44.775  6.91748e-02
44.800  6.52308e-02
44.825  6.11216e-02
44.850  5.69205e-02
44.875  5.26931e-02
44.900  4.84775e-02
44.925  4.42814e-02
44.950  4.00929e-02
44.975  3.58951e-02
45.000  3.16764e-02
45.025  2.74403e-02
45.050  2.32169e-02
45.075  1.90601e-02
45.100  1.50315e-02
45.125  1.11917e-02
45.150  7.59534e-03
45.175  4.28014e-03
45.200  1.26843e-03
45.225 -1.41882e-03
45.250 -3.75779e-03
45.275 -5.74479e-03
45.300 -7.42410e-03
45.325 -8.88421e-03
45.350 -1.02315e-02
45.375 -1.15681e-02
45.400 -1.29790e-02
45.425 -1.45239e-02
45.450 -1.62368e-02
45.475 -1.81249e-02
45.500 -2.01657e-02
45.525 -2.23192e-02
45.550 -2.45441e-02
45.575 -2.68027e-02
45.600 -2.90638e-02
45.625 -3.12989e-02
45.650 -3.34827e-02
45.675 -3.55959e-02
45.700 -3.76201e-02
45.725 -3.95388e-02
45.750 -4.13394e-02
45.775 -4.30101e-02
45.800 -4.45357e-02
45.825 -4.58947e-02
45.850 -4.70691e-02
45.875 -4.80623e-02
45.901 -4.88962e-02
45.926 -4.95905e-02
45.951 -5.01467e-02
45.976 -5.05481e-02
46.001 -5.07732e-02
46.026 -5.08044e-02
46.051 -5.06275e-02
46.076 -5.02319e-02
46.101 -4.96056e-02
46.126 -4.87288e-02
46.151 -4.75796e-02
46.176 -4.61388e-02
46.201 -4.43881e-02
46.226 -4.23174e-02
46.251 -3.99429e-02
46.276 -3.73117e-02
46.301 -3.44896e-02
46.326 -3.15458e-02
46.351 -2.85424e-02
46.376 -2.55280e-02
46.401 -2.25397e-02
46.426 -1.96114e-02
46.451 -1.67823e-02
46.476 -1.40977e-02
46.501 -1.16052e-02
46.526 -9.34502e-03
46.551 -7.33649e-03
46.576 -5.57003e-03
46.601 -4.01020e-03
46.626 -2.60154e-03
46.651 -1.28069e-03
46.676  5.50854e-06
46.701  1.29003e-03
46.726  2.58339e-03
46.751  3.87359e-03
46.776  5.13316e-03
46.801  6.33653e-03
46.826  7.47345e-03
46.851  8.54387e-03
46.876  9.54599e-03
46.901  1.04696e-02
46.926  1.12975e-02
46.951  1.20136e-02
46.976  1.26081e-02
47.001  1.30755e-02
47.026  1.34169e-02
47.051  1.36419e-02
47.076  1.37688e-02
47.101  1.38270e-02
47.126  1.38638e-02
47.151  1.39381e-02
47.176  1.40911e-02
47.201  1.43274e-02
47.226  1.46220e-02
47.251  1.49394e-02
47.276  1.52525e-02
47.301  1.55544e-02
47.326  1.58575e-02
47.351  1.61870e-02
47.376  1.65719e-02
47.401  1.70365e-02
47.426  1.75992e-02
47.451  1.82696e-02
47.476  1.90502e-02
47.501  1.99363e-02
47.526  2.09169e-02
47.551  2.19793e-02
47.576  2.31145e-02
47.601  2.43228e-02
47.626  2.56131e-02
47.651  2.69870e-02
47.676  2.84265e-02
47.701  2.98975e-02
47.726  3.13486e-02
47.751  3.27131e-02
47.776  3.39256e-02
47.801  3.49323e-02
47.826  3.56876e-02
47.851  3.61456e-02
47.876  3.62565e-02
47.901  3.59699e-02
47.926  3.52371e-02
47.951  3.40111e-02
47.976  3.22522e-02
48.001  2.99379e-02
48.026  2.70784e-02
48.051  2.37252e-02
48.076  1.99608e-02
48.101  1.58802e-02
48.126  1.15845e-02
48.151  7.19189e-03
48.176  2.83999e-03
48.201 -1.33159e-03
48.226 -5.20340e-03
48.251 -8.68875e-03
48.276 -1.17380e-02
48.301 -1.43360e-02
48.326 -1.64977e-02
48.351 -1.82637e-02
48.376 -1.96926e-02
48.401 -2.08534e-02
48.426 -2.18139e-02
48.451 -2.26335e-02
48.476 -2.33694e-02
48.501 -2.40842e-02
48.526 -2.48421e-02
48.551 -2.56977e-02
48.576 -2.66822e-02
48.601 -2.77970e-02
48.626 -2.90185e-02
48.651 -3.03107e-02
48.676 -3.16377e-02
48.701 -3.29793e-02
48.726 -3.43407e-02
48.751 -3.57384e-02
48.776 -3.71741e-02
48.801 -3.86233e-02
48.826 -4.00400e-02
48.851 -4.13674e-02
48.876 -4.25540e-02
48.901 -4.35742e-02
48.926 -4.44336e-02
48.951 -4.51521e-02
48.976 -4.57398e-02
49.001 -4.61864e-02
49.026 -4.64699e-02
49.051 -4.65746e-02
49.076 -4.65021e-02
49.101 -4.62704e-02
49.126 -4.59055e-02
49.151 -4.54281e-02
49.176 -4.48438e-02
49.201 -4.41426e-02
49.226 -4.33060e-02
49.251 -4.23133e-02
49.276 -4.11426e-02
49.301 -3.97747e-02
49.326 -3.81996e-02
49.351 -3.64213e-02
49.376 -3.44577e-02
49.401 -3.23454e-02
49.426 -3.01433e-02
49.451 -2.79196e-02
49.476 -2.57357e-02
49.501 -2.36458e-02
49.526 -2.17000e-02
49.551 -1.99362e-02
49.576 -1.83697e-02
49.601 -1.69911e-02
49.626 -1.57786e-02
49.651 -1.47110e-02
49.676 -1.37791e-02
49.701 -1.29862e-02
49.726 -1.23362e-02
49.751 -1.18224e-02
49.776 -1.14294e-02
49.801 -1.11414e-02
49.826 -1.09481e-02
49.851 -1.08467e-02
49.876 -1.08345e-02
49.901 -1.08974e-02
49.926 -1.10127e-02
49.951 -1.11556e-02
49.976 -1.13004e-02
50.001 -1.14245e-02
50.026 -1.15129e-02
50.051 -1.15539e-02
50.076 -1.15319e-02
50.101 -1.14253e-02
50.126 -1.12123e-02
50.151 -1.08788e-02
50.176 -1.04229e-02
50.201 -9.85302e-03
50.226 -9.18460e-03
50.251 -8.43904e-03
50.276 -7.64305e-03
50.301 -6.82381e-03
50.326 -6.00593e-03
50.351 -5.20833e-03
50.376 -4.44150e-03
50.401 -3.70699e-03
50.426 -2.99992e-03
50.451 -2.31890e-03
50.476 -1.67336e-03
50.501 -1.07910e-03
50.526 -5.49307e-04
50.551 -9.35252e-05
50.576  2.76929e-04
50.601  5.51749e-04
50.626  7.29701e-04
50.651  8.22741e-04
50.676  8.55607e-04
50.701  8.60100e-04
50.726  8.67401e-04
50.751  8.97780e-04
50.776  9.50892e-04
50.801  1.01259e-03
50.826  1.07330e-03
50.851  1.13428e-03
50.876  1.20151e-03
50.901  1.28157e-03
50.926  1.37585e-03
50.951  1.47210e-03
50.976  1.54995e-03
51.001  1.59583e-03
51.026  1.60686e-03
51.051  1.58494e-03
51.076  1.53201e-03
51.101  1.44838e-03
51.126  1.33470e-03
51.151  1.19590e-03
51.176  1.04257e-03
51.201  8.89662e-04
51.226  7.52961e-04
51.251  6.45110e-04
51.276  5.76601e-04
51.301  5.60128e-04
51.326  6.11860e-04
51.351  7.46637e-04
51.376  9.73309e-04
51.401  1.29650e-03
51.426  1.72153e-03
51.451  2.25914e-03
51.476  2.92584e-03
51.501  3.73700e-03
51.526  4.69817e-03
51.551  5.80216e-03
51.576  7.03465e-03
51.601  8.38392e-03
51.626  9.84656e-03
51.651  1.14255e-02
51.676  1.31206e-02
51.701  1.49169e-02
51.726  1.67864e-02
51.751  1.86987e-02
51.776  2.06295e-02
51.801  2.25620e-02
51.826  2.44858e-02
51.851  2.63942e-02
51.876  2.82808e-02
51.901  3.01319e-02
51.926  3.19232e-02
51.951  3.36247e-02
51.976  3.52107e-02
52.001  3.66686e-02
52.026  3.80000e-02
52.051  3.92128e-02
52.076  4.03145e-02
52.101  4.13102e-02
52.126  4.22062e-02
52.151  4.30137e-02
52.176  4.37474e-02
52.201  4.44214e-02
52.226  4.50461e-02
52.251  4.56290e-02
52.276  4.61795e-02
52.301  4.67076e-02
52.326  4.72148e-02
52.351  4.76908e-02
52.376  4.81200e-02
52.401  4.84886e-02
52.426  4.87855e-02
52.451  4.89977e-02
52.476  4.91042e-02
52.501  4.90720e-02
52.526  4.88582e-02
52.551  4.84196e-02
52.576  4.77251e-02
52.601  4.67606e-02
52.626  4.55243e-02
52.651  4.40233e-02
52.676  4.22749e-02
52.701  4.03163e-02
52.726  3.82097e-02
52.751  3.60314e-02
52.776  3.38546e-02
52.801  3.17380e-02
52.826  2.97259e-02
52.851  2.78527e-02
52.876  2.61426e-02
52.901  2.46070e-02
52.926  2.32412e-02
52.951  2.20258e-02
52.976  2.09352e-02
53.001  1.99488e-02
53.026  1.90613e-02
53.051  1.82861e-02
53.076  1.76463e-02
53.101  1.71590e-02
53.126  1.68304e-02
53.151  1.66561e-02
53.176  1.66228e-02
53.201  1.67117e-02
53.226  1.69038e-02
53.251  1.71853e-02
53.276  1.75454e-02
53.301  1.79704e-02
53.326  1.84393e-02
53.351  1.89227e-02
53.376  1.93809e-02
53.401  1.97698e-02
53.426  2.00494e-02
53.451  2.01924e-02
53.476  2.01894e-02
53.501  2.00539e-02
53.526  1.98163e-02
53.551  1.95108e-02
53.576  1.91655e-02
53.601  1.87985e-02
53.626  1.84185e-02
53.651  1.80279e-02
53.676  1.76260e-02
53.701  1.72104e-02
53.726  1.67750e-02
53.751  1.63118e-02
53.776  1.58156e-02
53.801  1.52846e-02
53.826  1.47191e-02
53.851  1.41249e-02
53.876  1.35149e-02
53.901  1.29033e-02
53.926  1.23012e-02
53.951  1.17195e-02
53.976  1.11723e-02
54.001  1.06724e-02
54.026  1.02244e-02
54.051  9.82557e-03
54.076  9.47267e-03
54.101  9.16363e-03
54.126  8.89814e-03
54.151  8.68003e-03
54.176  8.51587e-03
54.201  8.40606e-03
54.226  8.33298e-03
54.251  8.25939e-03
54.276  8.13947e-03
54.301  7.93225e-03
54.326  7.61159e-03
54.351  7.16845e-03
54.376  6.60750e-03
54.401  5.94333e-03
54.426  5.19550e-03
54.451  4.38564e-03
54.476  3.53912e-03
54.501  2.68384e-03
54.526  1.84265e-03
54.551  1.02753e-03
54.576  2.41720e-04
54.601 -5.13508e-04
54.626 -1.23309e-03
54.651 -1.90712e-03
54.676 -2.52389e-03
54.701 -3.07357e-03
54.726 -3.55177e-03
54.751 -3.96538e-03
54.776 -4.33565e-03
54.801 -4.69225e-03
54.826 -5.06357e-03
54.851 -5.47004e-03
54.876 -5.91905e-03
54.901 -6.40653e-03
54.926 -6.92644e-03
54.951 -7.47787e-03
54.976 -8.06583e-03
55.001 -8.70169e-03
55.026 -9.40282e-03
55.051 -1.01853e-02
55.076 -1.10548e-02
55.101 -1.20067e-02
55.126 -1.30339e-02
55.151 -1.41291e-02
55.176 -1.52823e-02
55.201 -1.64819e-02
55.226 -1.77204e-02
55.251 -1.89977e-02
55.276 -2.03155e-02
55.301 -2.16720e-02
55.326 -2.30619e-02
55.351 -2.44800e-02
55.376 -2.59226e-02
55.401 -2.73844e-02
55.426 -2.88571e-02
55.451 -3.03295e-02
55.476 -3.17842e-02
55.501 -3.31964e-02
55.526 -3.45374e-02
55.551 -3.57773e-02
55.576 -3.68890e-02
55.601 -3.78554e-02
55.626 -3.86724e-02
55.651 -3.93438e-02
55.676 -3.98712e-02
55.701 -4.02510e-02
55.726 -4.04765e-02
55.751 -4.05441e-02
55.776 -4.04588e-02
55.801 -4.02385e-02
55.826 -3.99135e-02
55.851 -3.95182e-02
55.876 -3.90784e-02
55.901 -3.86039e-02
55.926 -3.80952e-02
55.951 -3.75527e-02
55.976 -3.69827e-02
56.001 -3.64012e-02
56.026 -3.58321e-02
56.051 -3.53018e-02
56.076 -3.48359e-02
56.101 -3.44588e-02
56.126 -3.41909e-02
56.151 -3.40451e-02
56.176 -3.40237e-02
56.201 -3.41149e-02
56.226 -3.42942e-02
56.251 -3.45306e-02
56.276 -3.47970e-02
56.301 -3.50735e-02
56.326 -3.53429e-02
56.351 -3.55891e-02
56.376 -3.57992e-02
56.401 -3.59624e-02
56.426 -3.60683e-02
56.451 -3.61074e-02
56.476 -3.60736e-02
56.501 -3.59690e-02
56.526 -3.58016e-02
56.551 -3.55789e-02
56.576 -3.53029e-02
56.601 -3.49753e-02
56.626 -3.46019e-02
56.651 -3.41912e-02
56.676 -3.37474e-02
56.701 -3.32657e-02
56.726 -3.27321e-02
56.751 -3.21270e-02
56.776 -3.14312e-02
56.801 -3.06307e-02
56.826 -2.97227e-02
56.851 -2.87181e-02
56.876 -2.76410e-02
56.901 -2.65223e-02
56.926 -2.53928e-02
56.951 -2.42801e-02
56.976 -2.32079e-02
57.001 -2.21959e-02
57.026 -2.12574e-02
57.051 -2.03992e-02
57.076 -1.96229e-02
57.101 -1.89231e-02
57.126 -1.82873e-02
57.151 -1.76989e-02
57.176 -1.71405e-02
57.201 -1.65917e-02
57.226 -1.60311e-02
57.251 -1.54453e-02
57.276 -1.48338e-02
57.301 -1.42022e-02
57.326 -1.35557e-02
57.351 -1.28988e-02
57.376 -1.22355e-02
57.401 -1.15658e-02
57.426 -1.08825e-02
57.451 -1.01740e-02
57.476 -9.42792e-03
57.501 -8.63454e-03
57.526 -7.79162e-03
57.551 -6.90942e-03
57.576 -6.01218e-03
57.601 -5.13564e-03
57.626 -4.32100e-03
57.651 -3.60443e-03
57.676 -3.00986e-03
57.701 -2.55071e-03
57.726 -2.23341e-03
57.751 -2.05967e-03
57.776 -2.02764e-03
57.801 -2.13015e-03
57.826 -2.35508e-03
57.851 -2.68883e-03
57.876 -3.11902e-03
57.901 -3.63378e-03
57.926 -4.21694e-03
57.951 -4.84234e-03
57.976 -5.47217e-03
58.001 -6.05643e-03
58.026 -6.53554e-03
58.051 -6.84805e-03
58.076 -6.93653e-03
58.101 -6.75100e-03
58.126 -6.25260e-03
58.151 -5.41584e-03
58.176 -4.23087e-03
58.201 -2.70483e-03
58.226 -8.61305e-04
58.251  1.25984e-03
58.276  3.60377e-03
58.301  6.10744e-03
58.326  8.70851e-03
58.351  1.13491e-02
58.376  1.39759e-02
58.401  1.65385e-02
58.426  1.89880e-02
58.451  2.12837e-02
58.476  2.34023e-02
58.501  2.53368e-02
58.526  2.70915e-02
58.551  2.86785e-02
58.576  3.01156e-02
58.601  3.14244e-02
58.626  3.26274e-02
58.651  3.37479e-02
58.676  3.48111e-02
58.701  3.58442e-02
58.726  3.68708e-02
58.751  3.79061e-02
58.776  3.89532e-02
58.801  4.00047e-02
58.826  4.10460e-02
58.851  4.20594e-02
58.876  4.30265e-02
58.901  4.39309e-02
58.926  4.47577e-02
58.951  4.54894e-02
58.976  4.61007e-02
59.001  4.65563e-02
59.026  4.68144e-02
59.051  4.68361e-02
59.076  4.65943e-02
59.101  4.60784e-02
59.126  4.52933e-02
59.151  4.42553e-02
59.176  4.29881e-02
59.201  4.15204e-02
59.226  3.98855e-02
59.251  3.81189e-02
59.276  3.62610e-02
59.301  3.43583e-02
59.326  3.24627e-02
59.351  3.06298e-02
59.376  2.89131e-02
59.401  2.73587e-02
59.426  2.60054e-02
59.451  2.48882e-02
59.476  2.40412e-02
59.501  2.34948e-02
59.526  2.32685e-02
59.551  2.33667e-02
59.576  2.37789e-02
59.601  2.44810e-02
59.626  2.54368e-02
59.651  2.66011e-02
59.676  2.79228e-02
59.701  2.93484e-02
59.726  3.08253e-02
59.751  3.22998e-02
59.776  3.37161e-02
59.801  3.50206e-02
59.826  3.61690e-02
59.851  3.71289e-02
59.876  3.78781e-02
59.901  3.84024e-02
59.926  3.86945e-02
59.951  3.87522e-02
59.976  3.85765e-02
60.001  3.81712e-02
60.026  3.75412e-02
60.051  3.66924e-02
60.076  3.56326e-02
60.101  3.43741e-02
60.126  3.29323e-02
60.151  3.13250e-02
60.176  2.95711e-02
60.201  2.76909e-02
60.226  2.57082e-02
60.251  2.36529e-02
60.276  2.15575e-02
60.301  1.94487e-02
60.326  1.73459e-02
60.351  1.52664e-02
60.376  1.32300e-02
60.401  1.12604e-02
60.426  9.38548e-03
60.451  7.63705e-03
60.476  6.04665e-03
60.501  4.63963e-03
60.526  3.43204e-03
60.551  2.43002e-03
60.576  1.62881e-03
60.601  1.01219e-03
60.626  5.56362e-04
60.651  2.36678e-04
60.676  3.17853e-05
60.701 -7.49582e-05
60.726 -9.40850e-05
60.751 -2.91342e-05
60.776  1.20550e-04
60.801  3.54612e-04
60.826  6.67113e-04
60.851  1.04315e-03
60.876  1.45728e-03
60.901  1.87265e-03
60.926  2.24123e-03
60.951  2.50982e-03
60.976  2.63235e-03
61.001  2.57894e-03
61.026  2.33655e-03
61.051  1.90664e-03
61.076  1.30171e-03
61.101  5.38727e-04
61.126 -3.68665e-04
61.151 -1.41384e-03
61.176 -2.59624e-03
61.201 -3.91832e-03
61.226 -5.38118e-03
61.251 -6.98131e-03
61.276 -8.71159e-03
61.301 -1.05650e-02
61.326 -1.25372e-02
61.351 -1.46252e-02
61.376 -1.68252e-02
61.401 -1.91321e-02
61.426 -2.15380e-02
61.451 -2.40314e-02
61.476 -2.65944e-02
61.501 -2.92032e-02
61.526 -3.18330e-02
61.551 -3.44621e-02
61.576 -3.70716e-02
61.601 -3.96439e-02
61.626 -4.21607e-02
61.651 -4.46004e-02
61.676 -4.69383e-02
61.701 -4.91514e-02
61.726 -5.12211e-02
61.751 -5.31272e-02
61.776 -5.48422e-02
61.801 -5.63331e-02
61.826 -5.75689e-02
61.851 -5.85268e-02
61.876 -5.91938e-02
61.901 -5.95678e-02
61.926 -5.96576e-02
61.951 -5.94816e-02
61.976 -5.90676e-02
62.001 -5.84534e-02
62.026 -5.76883e-02
62.051 -5.68273e-02
62.076 -5.59218e-02
62.101 -5.50125e-02
62.126 -5.41284e-02
62.151 -5.32901e-02
62.176 -5.25125e-02
62.201 -5.18027e-02
62.226 -5.11605e-02
62.251 -5.05790e-02
62.277 -5.00470e-02
62.302 -4.95498e-02
62.327 -4.90716e-02
62.352 -4.85969e-02
62.377 -4.81105e-02
62.402 -4.75949e-02
62.427 -4.70284e-02
62.452 -4.63855e-02
62.477 -4.56409e-02
62.502 -4.47746e-02
62.527 -4.37727e-02
62.552 -4.26263e-02
62.577 -4.13319e-02
62.602 -3.98889e-02
62.627 -3.82968e-02
62.652 -3.65531e-02
62.677 -3.46538e-02
62.702 -3.25994e-02
62.727 -3.03992e-02
62.752 -2.80680e-02
62.777 -2.56197e-02
62.802 -2.30647e-02
62.827 -2.04129e-02
62.852 -1.76775e-02
62.877 -1.48754e-02
62.902 -1.20289e-02
62.927 -9.16624e-03
62.952 -6.32167e-03
62.977 -3.53151e-03
63.002 -8.30186e-04
63.027  1.75327e-03
63.052  4.19457e-03
63.077  6.47161e-03
63.102  8.56351e-03
63.127  1.04510e-02
63.152  1.21181e-02
63.177  1.35532e-02
63.202  1.47521e-02
63.227  1.57185e-02
63.252  1.64644e-02
63.277  1.70070e-02
63.302  1.73683e-02
63.327  1.75749e-02
63.352  1.76575e-02
63.377  1.76461e-02
63.402  1.75651e-02
63.427  1.74311e-02
63.452  1.72562e-02
63.477  1.70537e-02
63.502  1.68437e-02
63.527  1.66527e-02
63.552  1.65084e-02
63.577  1.64335e-02
63.602  1.64423e-02
63.627  1.65399e-02
63.652  1.67226e-02
63.677  1.69804e-02
63.702  1.72987e-02
63.727  1.76605e-02
63.752  1.80487e-02
63.777  1.84497e-02
63.802  1.88551e-02
63.827  1.92608e-02
63.852  1.96655e-02
63.877  2.00714e-02
63.902  2.04840e-02
63.927  2.09074e-02
63.952  2.13391e-02
63.977  2.17695e-02
64.002  2.21808e-02
64.027  2.25461e-02
64.052  2.28314e-02
64.077  2.30017e-02
64.102  2.30269e-02
64.127  2.28892e-02
64.152  2.25860e-02
64.177  2.21307e-02
64.202  2.15463e-02
64.227  2.08582e-02
64.252  2.00921e-02
64.277  1.92762e-02
64.302  1.84422e-02
64.327  1.76249e-02
64.352  1.68602e-02
64.377  1.61813e-02
64.402  1.56129e-02
64.427  1.51679e-02
64.452  1.48465e-02
64.477  1.46393e-02
64.502  1.45321e-02
64.527  1.45093e-02
64.552  1.45551e-02
64.577  1.46504e-02
64.602  1.47704e-02
64.627  1.48852e-02
64.652  1.49643e-02
64.677  1.49804e-02
64.702  1.49128e-02
64.727  1.47481e-02
64.752  1.44806e-02
64.777  1.41125e-02
64.802  1.36539e-02
64.827  1.31190e-02
64.852  1.25207e-02
64.877  1.18687e-02
64.902  1.11718e-02
64.927  1.04393e-02
64.952  9.67957e-03
64.977  8.89861e-03
65.002  8.09918e-03
65.027  7.28204e-03
65.052  6.44669e-03
65.077  5.59284e-03
65.102  4.72371e-03
65.127  3.84813e-03
65.152  2.98009e-03
65.177  2.13637e-03
65.202  1.33383e-03
65.227  5.88580e-04
65.252 -8.35975e-05
65.277 -6.67944e-04
65.302 -1.15155e-03
65.327 -1.52287e-03
65.352 -1.77269e-03
65.377 -1.89726e-03
65.402 -1.90114e-03
65.427 -1.79826e-03
65.452 -1.61123e-03
65.477 -1.36918e-03
65.502 -1.10265e-03
65.527 -8.36472e-04
65.552 -5.85246e-04
65.577 -3.54244e-04
65.602 -1.45094e-04
65.627  3.86429e-05
65.652  1.91470e-04
65.677  3.09227e-04
65.702  3.90108e-04
65.727  4.32713e-04
65.752  4.35503e-04
65.777  3.99095e-04
65.802  3.27323e-04
65.827  2.25744e-04
65.852  9.87243e-05
65.877 -5.37602e-05
65.902 -2.36190e-04
65.927 -4.54927e-04
65.952 -7.16211e-04
65.977 -1.02373e-03
66.002 -1.37553e-03
66.027 -1.76251e-03
66.052 -2.16918e-03
66.077 -2.57757e-03
66.102 -2.97332e-03
66.127 -3.35019e-03
66.152 -3.71136e-03
66.177 -4.06737e-03
66.202 -4.43201e-03
66.227 -4.81804e-03
66.252 -5.23492e-03
66.277 -5.68888e-03
66.302 -6.18314e-03
66.327 -6.71800e-03
66.352 -7.29251e-03
66.377 -7.90605e-03
66.402 -8.55828e-03
66.427 -9.24925e-03
66.452 -9.98039e-03
66.477 -1.07547e-02
66.502 -1.15740e-02
66.527 -1.24337e-02
66.552 -1.33212e-02
66.577 -1.42171e-02
66.602 -1.50968e-02
66.627 -1.59314e-02
66.652 -1.66887e-02
66.677 -1.73361e-02
66.702 -1.78435e-02
66.727 -1.81849e-02
66.752 -1.83378e-02
66.777 -1.82841e-02
66.802 -1.80098e-02
66.827 -1.75069e-02
66.852 -1.67753e-02
66.877 -1.58260e-02
66.902 -1.46816e-02
66.927 -1.33716e-02
66.952 -1.19258e-02
66.977 -1.03685e-02
67.002 -8.71855e-03
67.027 -6.99338e-03
67.052 -5.21547e-03
67.077 -3.41536e-03
67.102 -1.62931e-03
67.127  1.07242e-04
67.152  1.76422e-03
67.177  3.31670e-03
67.202  4.74467e-03
67.227  6.03574e-03
67.252  7.18755e-03
67.277  8.20703e-03
67.302  9.10854e-03
67.327  9.91317e-03
67.352  1.06485e-02
67.377  1.13461e-02
67.402  1.20374e-02
67.427  1.27493e-02
67.452  1.34998e-02
67.477  1.42939e-02
67.502  1.51235e-02
67.527  1.59702e-02
67.552  1.68075e-02
67.577  1.76040e-02
67.602  1.83261e-02
67.627  1.89416e-02
67.652  1.94226e-02
67.677  1.97468e-02
67.702  1.98963e-02
67.727  1.98584e-02
67.752  1.96250e-02
67.777  1.91922e-02
67.802  1.85586e-02
67.827  1.77259e-02
67.852  1.67017e-02
67.877  1.55022e-02
67.902  1.41519e-02
67.927  1.26802e-02
67.952  1.11162e-02
67.977  9.48763e-03
68.002  7.82079e-03
68.027  6.14150e-03
68.052  4.47593e-03
68.077  2.85172e-03
68.102  1.29682e-03
68.127 -1.64674e-04
68.152 -1.51663e-03
68.177 -2.75350e-03
68.202 -3.88129e-03
68.227 -4.91537e-03
68.252 -5.87552e-03
68.277 -6.78025e-03
68.302 -7.64388e-03
68.327 -8.47776e-03
68.352 -9.29201e-03
68.377 -1.00940e-02
68.402 -1.08849e-02
68.427 -1.16564e-02
68.452 -1.23910e-02
68.477 -1.30644e-02
68.502 -1.36498e-02
68.527 -1.41216e-02
68.552 -1.44601e-02
68.577 -1.46528e-02
68.602 -1.46957e-02
68.627 -1.45912e-02
68.652 -1.43454e-02
68.677 -1.39649e-02
68.702 -1.34568e-02
68.727 -1.28277e-02
68.752 -1.20863e-02
68.777 -1.12475e-02
68.802 -1.03350e-02
68.827 -9.37931e-03
68.852 -8.41120e-03
68.877 -7.45673e-03
68.902 -6.53658e-03
68.927 -5.66798e-03
68.952 -4.86520e-03
68.977 -4.13815e-03
69.002 -3.49127e-03
69.027 -2.92406e-03
69.052 -2.43262e-03
69.077 -2.01215e-03
69.102 -1.65922e-03
69.127 -1.37146e-03
69.152 -1.14411e-03
69.177 -9.66230e-04
69.202 -8.19609e-04
69.227 -6.81020e-04
69.252 -5.25854e-04
69.277 -3.31344e-04
69.302 -7.88459e-05
69.327  2.45751e-04
69.352  6.52134e-04
69.377  1.14396e-03
69.402  1.71740e-03
69.427  2.36215e-03
69.452  3.06384e-03
69.477  3.80596e-03
69.502  4.57070e-03
69.527  5.33917e-03
69.552  6.09179e-03
69.577  6.80873e-03
69.602  7.47052e-03
69.627  8.05904e-03
69.652  8.55901e-03
69.677  8.95937e-03
69.702  9.25475e-03
69.727  9.44624e-03
69.752  9.54105e-03
69.777  9.55035e-03
69.802  9.48626e-03
69.827  9.36062e-03
69.852  9.18641e-03
69.877  8.97949e-03
69.902  8.75935e-03
69.927  8.54832e-03
69.952  8.36932e-03
69.977  8.24407e-03
70.002  8.19267e-03
70.027  8.23276e-03
70.052  8.37799e-03
70.077  8.63649e-03
70.102  9.01007e-03
70.127  9.49417e-03
70.152  1.00776e-02
70.177  1.07435e-02
70.202  1.14729e-02
70.227  1.22506e-02
70.252  1.30678e-02
70.277  1.39214e-02
70.302  1.48106e-02
70.327  1.57335e-02
70.352  1.66844e-02
70.377  1.76535e-02
70.402  1.86266e-02
70.427  1.95863e-02
70.452  2.05113e-02
70.477  2.13788e-02
70.502  2.21663e-02
70.527  2.28545e-02
70.552  2.34291e-02
70.577  2.38829e-02
70.602  2.42144e-02
70.627  2.44261e-02
70.652  2.45230e-02
70.677  2.45116e-02
70.702  2.43977e-02
70.727  2.41868e-02
70.752  2.38834e-02
70.777  2.34921e-02
70.802  2.30195e-02
70.827  2.24745e-02
70.852  2.18688e-02
70.877  2.12167e-02
70.902  2.05370e-02
70.927  1.98526e-02
70.952  1.91867e-02
70.977  1.85569e-02
71.002  1.79737e-02
71.027  1.74411e-02
71.052  1.69602e-02
71.077  1.65319e-02
71.102  1.61585e-02
71.127  1.58422e-02
71.152  1.55825e-02
71.177  1.53731e-02
71.202  1.52018e-02
71.227  1.50509e-02
71.252  1.49005e-02
71.277  1.47321e-02
71.302  1.45320e-02
71.327  1.42922e-02
71.352  1.40094e-02
71.377  1.36843e-02
71.402  1.33186e-02
71.427  1.29133e-02
71.452  1.24675e-02
71.477  1.19796e-02
71.502  1.14480e-02
71.527  1.08725e-02
71.552  1.02555e-02
71.577  9.60088e-03
71.602  8.91245e-03
71.627  8.19188e-03
71.652  7.43749e-03
71.677  6.64505e-03
71.702  5.80908e-03
71.727  4.92354e-03
71.752  3.98254e-03
71.777  2.98169e-03
71.802  1.92009e-03
71.827  8.01102e-04
71.852 -3.69537e-04
71.877 -1.58798e-03
71.902 -2.85578e-03
71.927 -4.17909e-03
71.952 -5.56463e-03
71.977 -7.01566e-03
72.002 -8.52874e-03
72.027 -1.00915e-02
72.052 -1.16824e-02
72.077 -1.32738e-02
72.102 -1.48360e-02
72.127 -1.63412e-02
72.152 -1.77664e-02
72.177 -1.90958e-02
72.202 -2.03206e-02
72.227 -2.14371e-02
72.252 -2.24437e-02
72.277 -2.33382e-02
72.302 -2.41169e-02
72.327 -2.47749e-02
72.352 -2.53048e-02
72.377 -2.56969e-02
72.402 -2.59429e-02
72.427 -2.60398e-02
72.452 -2.59908e-02
72.477 -2.58055e-02
72.502 -2.54973e-02
72.527 -2.50827e-02
72.552 -2.45785e-02
72.577 -2.40002e-02
72.602 -2.33601e-02
72.627 -2.26657e-02
72.652 -2.19199e-02
72.677 -2.11220e-02
72.702 -2.02703e-02
72.727 -1.93643e-02
72.752 -1.84066e-02
72.777 -1.74014e-02
72.802 -1.63539e-02
72.827 -1.52701e-02
72.852 -1.41570e-02
72.877 -1.30214e-02
72.902 -1.18707e-02
72.927 -1.07127e-02
72.952 -9.55771e-03
72.977 -8.41857e-03
73.002 -7.31057e-03
73.027 -6.24974e-03
73.052 -5.25055e-03
73.077 -4.32346e-03
73.102 -3.47349e-03
73.127 -2.70037e-03
73.152 -2.00016e-03
73.177 -1.36770e-03
73.202 -7.98451e-04
73.227 -2.88722e-04
73.252  1.65307e-04
73.277  5.68016e-04
73.302  9.24378e-04
73.327  1.23983e-03
73.352  1.51881e-03
73.377  1.76268e-03
73.402  1.96918e-03
73.427  2.13363e-03
73.452  2.25178e-03
73.477  2.32282e-03
73.502  2.35001e-03
73.527  2.33884e-03
73.552  2.29502e-03
73.577  2.22379e-03
73.602  2.13174e-03
73.627  2.02987e-03
73.652  1.93514e-03
73.677  1.87002e-03
73.702  1.85972e-03
73.727  1.92778e-03
73.752  2.09209e-03
73.777  2.36260e-03
73.802  2.74043e-03
73.827  3.21766e-03
73.852  3.77733e-03
73.877  4.39496e-03
73.902  5.04097e-03
73.927  5.68377e-03
73.952  6.29233e-03
73.977  6.83644e-03
74.002  7.28654e-03
74.027  7.61574e-03
74.052  7.80233e-03
74.077  7.83051e-03
74.102  7.69045e-03
74.127  7.37785e-03
74.152  6.89283e-03
74.177  6.23915e-03
74.202  5.42561e-03
74.227  4.46868e-03
74.252  3.39317e-03
74.277  2.23046e-03
74.302  1.01536e-03
74.327 -2.17307e-04
74.352 -1.43610e-03
74.377 -2.61514e-03
74.402 -3.73494e-03
74.427 -4.78224e-03
74.452 -5.74923e-03
74.477 -6.63270e-03
74.502 -7.43423e-03
74.527 -8.16044e-03
74.552 -8.82277e-03
74.577 -9.43572e-03
74.602 -1.00137e-02
74.627 -1.05689e-02
74.652 -1.11107e-02
74.677 -1.16462e-02
74.702 -1.21796e-02
74.727 -1.27100e-02
74.752 -1.32290e-02
74.777 -1.37217e-02
74.802 -1.41688e-02
74.827 -1.45505e-02
74.852 -1.48495e-02
74.877 -1.50523e-02
74.902 -1.51495e-02
74.927 -1.51357e-02
74.952 -1.50111e-02
74.977 -1.47813e-02
75.002 -1.44577e-02
75.027 -1.40561e-02
75.052 -1.35961e-02
75.077 -1.31000e-02
75.102 -1.25927e-02
75.127 -1.21009e-02
75.152 -1.16504e-02
75.177 -1.12632e-02
75.202 -1.09551e-02
75.227 -1.07342e-02
75.252 -1.06006e-02
75.277 -1.05481e-02
75.302 -1.05675e-02
75.327 -1.06496e-02
75.352 -1.07860e-02
75.377 -1.09684e-02
75.402 -1.11880e-02
75.427 -1.14350e-02
75.452 -1.16983e-02
75.477 -1.19639e-02
75.502 -1.22152e-02
75.527 -1.24358e-02
75.552 -1.26131e-02
75.577 -1.27421e-02
75.602 -1.28246e-02
75.627 -1.28667e-02
75.652 -1.28745e-02
75.677 -1.28524e-02
75.702 -1.28031e-02
75.727 -1.27295e-02
75.752 -1.26352e-02
75.777 -1.25247e-02
75.802 -1.24029e-02
75.827 -1.22745e-02
75.852 -1.21441e-02
75.877 -1.20150e-02
75.902 -1.18892e-02
75.927 -1.17673e-02
75.952 -1.16489e-02
75.977 -1.15316e-02
76.002 -1.14093e-02
76.027 -1.12730e-02
76.052 -1.11112e-02
76.077 -1.09120e-02
76.102 -1.06650e-02
76.127 -1.03614e-02
76.152 -9.99389e-03
76.177 -9.55562e-03
76.202 -9.04047e-03
76.227 -8.44576e-03
76.252 -7.77420e-03
76.277 -7.03298e-03
76.302 -6.23094e-03
76.327 -5.37646e-03
76.352 -4.47714e-03
76.377 -3.54055e-03
76.402 -2.57523e-03
76.427 -1.59111e-03
76.452 -5.99066e-04
76.477  3.90113e-04
76.502  1.36660e-03
76.527  2.32233e-03
76.552  3.25230e-03
76.577  4.15517e-03
76.602  5.03197e-03
76.627  5.88374e-03
76.652  6.70974e-03
76.677  7.50714e-03
76.702  8.27204e-03
76.727  9.00050e-03
76.752  9.68925e-03
76.777  1.03362e-02
76.802  1.09404e-02
76.827  1.15017e-02
76.852  1.20200e-02
76.877  1.24955e-02
76.902  1.29290e-02
76.927  1.33220e-02
76.952  1.36769e-02
76.977  1.39965e-02
77.002  1.42836e-02
77.027  1.45408e-02
77.052  1.47696e-02
77.077  1.49709e-02
77.102  1.51452e-02
77.127  1.52923e-02
77.152  1.54119e-02
77.177  1.55025e-02
77.202  1.55620e-02
77.227  1.55872e-02
77.252  1.55739e-02
77.277  1.55168e-02
77.302  1.54101e-02
77.327  1.52471e-02
77.352  1.50217e-02
77.377  1.47292e-02
77.402  1.43668e-02
77.427  1.39329e-02
77.452  1.34281e-02
77.477  1.28559e-02
77.502  1.22227e-02
77.527  1.15362e-02
77.552  1.08041e-02
77.577  1.00327e-02
77.602  9.22581e-03
77.627  8.38358e-03
77.652  7.50193e-03
77.677  6.57282e-03
77.702  5.58562e-03
77.727  4.52955e-03
77.752  3.39607e-03
77.777  2.18095e-03
77.802  8.85886e-04
77.827 -4.80680e-04
77.852 -1.90387e-03
77.877 -3.36348e-03
77.902 -4.83602e-03
77.927 -6.29672e-03
77.952 -7.72049e-03
77.977 -9.08187e-03
78.002 -1.03556e-02
78.027 -1.15179e-02
78.052 -1.25484e-02
78.077 -1.34309e-02
78.102 -1.41540e-02
78.127 -1.47115e-02
78.152 -1.51022e-02
78.177 -1.53290e-02
78.202 -1.53981e-02
78.227 -1.53187e-02
78.252 -1.51029e-02
78.277 -1.47650e-02
78.302 -1.43206e-02
78.327 -1.37833e-02
78.352 -1.31633e-02
78.377 -1.24689e-02
78.402 -1.17086e-02
78.427 -1.08937e-02
78.452 -1.00370e-02
78.477 -9.15067e-03
78.502 -8.24492e-03
78.527 -7.32780e-03
78.552 -6.40705e-03
78.577 -5.49083e-03
78.602 -4.58825e-03
78.627 -3.70978e-03
78.652 -2.86649e-03
78.677 -2.06803e-03
78.702 -1.32060e-03
78.728 -6.26100e-04
78.753  1.72846e-05
78.778  6.14271e-04
78.803  1.17199e-03
78.828  1.69957e-03
78.853  2.20781e-03
78.878  2.70892e-03
78.903  3.21563e-03
78.928  3.73925e-03
78.953  4.28785e-03
78.978  4.86551e-03
79.003  5.47193e-03
79.028  6.10257e-03
79.053  6.74905e-03
79.078  7.39939e-03
79.103  8.03808e-03
79.128  8.64636e-03
79.153  9.20348e-03
79.178  9.68861e-03
79.203  1.00820e-02
79.228  1.03660e-02
79.253  1.05256e-02
79.278  1.05500e-02
79.303  1.04318e-02
79.328  1.01666e-02
79.353  9.75372e-03
79.378  9.19661e-03
79.403  8.50423e-03
79.428  7.69214e-03
79.453  6.78179e-03
79.478  5.79806e-03
79.503  4.76572e-03
79.528  3.70603e-03
79.553  2.63517e-03
79.578  1.56504e-03
79.603  5.05972e-04
79.628 -5.30464e-04
79.653 -1.53024e-03
79.678 -2.47794e-03
79.703 -3.35942e-03
79.728 -4.16416e-03
79.753 -4.88536e-03
79.778 -5.51823e-03
79.803 -6.05808e-03
79.828 -6.49938e-03
79.853 -6.83591e-03
79.878 -7.06197e-03
79.903 -7.17447e-03
79.928 -7.17465e-03
79.953 -7.06839e-03
79.978 -6.86524e-03
80.003 -6.57667e-03
