0.000 -2.44992e-04
0.025 -2.43616e-04
0.050 -2.42240e-04
0.075 -2.40833e-04
0.100 -2.39346e-04
0.125 -2.37715e-04
0.150 -2.35958e-04
0.175 -2.34179e-04
0.200 -2.32380e-04
0.225 -2.30509e-04
0.250 -2.28611e-04
0.275 -2.26660e-04
0.300 -2.24598e-04
0.325 -2.22468e-04
0.350 -2.20334e-04
0.375 -2.18185e-04
0.400 -2.15968e-04
0.425 -2.13743e-04
0.450 -2.11553e-04
0.475 -2.09349e-04
0.500 -2.07102e-04
0.525 -2.04808e-04
0.550 -2.02471e-04
0.575 -2.00100e-04
0.600 -1.97646e-04
0.625 -1.95038e-04
0.650 -1.92297e-04
0.675 -1.89509e-04
0.700 -1.86696e-04
0.725 -1.83797e-04
0.750 -1.80833e-04
0.775 -1.77870e-04
0.800 -1.74854e-04
0.825 -1.71763e-04
0.850 -1.68612e-04
0.875 -1.65345e-04
0.900 -1.62016e-04
0.925 -1.58667e-04
0.950 -1.55246e-04
0.975 -1.51755e-04
1.000 -1.48189e-04
1.025 -1.44549e-04
1.050 -1.40886e-04
1.075 -1.37220e-04
1.100 -1.33511e-04
1.125 -1.29764e-04
1.150 -1.25988e-04
1.175 -1.22119e-04
1.200 -1.18169e-04
1.225 -1.14261e-04
1.250 -1.10378e-04
1.275 -1.06458e-04
1.300 -1.02533e-04
1.325 -9.85840e-05
1.350 -9.45481e-05
1.375 -9.04735e-05
1.400 -8.63342e-05
1.425 -8.20507e-05
1.450 -7.77238e-05
1.475 -7.33867e-05
1.500 -6.89607e-05
1.525 -6.44665e-05
1.550 -5.99409e-05
1.575 -5.53889e-05
1.600 -5.07929e-05
1.625 -4.61798e-05
1.650 -4.15407e-05
1.675 -3.67678e-05
1.700 -3.18955e-05
1.725 -2.71021e-05
1.750 -2.24371e-05
1.775 -1.77562e-05
1.800 -1.30080e-05
1.825 -8.16496e-06
1.850 -3.24099e-06
1.875  1.65143e-06
1.900  6.65797e-06
1.925  1.18734e-05
1.950  1.71116e-05
1.975  2.22661e-05
2.000  2.73603e-05
2.025  3.24811e-05
2.050  3.76594e-05
2.075  4.28120e-05
2.100  4.79082e-05
2.125  5.29906e-05
2.150  5.81226e-05
2.175  6.33379e-05
2.200  6.85898e-05
2.225  7.38425e-05
2.250  7.90591e-05
2.275  8.42294e-05
2.300  8.94702e-05
2.325  9.47151e-05
2.350  9.98252e-05
2.375  1.04957e-04
2.400  1.10198e-04
2.425  1.15435e-04
2.450  1.20665e-04
2.475  1.25868e-04
2.500  1.31026e-04
2.525  1.36184e-04
2.550  1.41272e-04
2.575  1.46272e-04
2.600  1.51218e-04
2.625  1.56106e-04
2.650  1.60955e-04
2.675  1.65759e-04
2.700  1.70516e-04
2.725  1.75262e-04
2.750  1.80041e-04
2.775  1.84842e-04
2.800  1.89633e-04
2.825  1.94475e-04
2.850  1.99375e-04
2.875  2.04342e-04
2.900  2.09433e-04
2.925  2.14565e-04
2.950  2.19717e-04
2.975  2.24919e-04
3.000  2.30136e-04
3.025  2.35388e-04
3.050  2.40673e-04
3.075  2.45959e-04
3.100  2.51248e-04
3.125  2.56545e-04
3.150  2.61835e-04
3.175  2.67125e-04
3.200  2.72368e-04
3.225  2.77556e-04
3.250  2.82718e-04
3.275  2.87812e-04
3.300  2.92803e-04
3.325  2.97725e-04
3.350  3.02680e-04
3.375  3.07727e-04
3.400  3.12803e-04
3.425  3.17850e-04
3.450  3.22908e-04
3.475  3.28010e-04
3.500  3.33133e-04
3.525  3.38258e-04
3.550  3.43353e-04
3.575  3.48404e-04
3.600  3.53452e-04
3.625  3.58592e-04
3.650  3.63792e-04
3.675  3.68908e-04
3.700  3.74039e-04
3.725  3.79298e-04
3.750  3.84573e-04
3.775  3.89741e-04
3.800  3.94815e-04
3.825  3.99890e-04
3.850  4.04979e-04
3.875  4.10085e-04
3.900  4.15199e-04
3.925  4.20325e-04
3.950  4.25568e-04
3.975  4.30927e-04
4.000  4.36349e-04
4.025  4.41796e-04
4.050  4.47219e-04
4.075  4.52658e-04
4.100  4.58194e-04
4.125  4.63840e-04
4.150  4.69537e-04
4.175  4.75250e-04
4.200  4.81008e-04
4.225  4.86858e-04
4.250  4.92830e-04
4.275  4.98900e-04
4.300  5.05037e-04
4.325  5.11267e-04
4.350  5.17604e-04
4.375  5.24062e-04
4.400  5.30624e-04
4.425  5.37269e-04
4.450  5.44066e-04
4.475  5.50944e-04
4.500  5.57779e-04
4.525  5.64589e-04
4.550  5.71418e-04
4.575  5.78343e-04
4.600  5.85336e-04
4.625  5.92334e-04
4.650  5.99387e-04
4.675  6.06556e-04
4.700  6.13856e-04
4.725  6.21207e-04
4.750  6.28576e-04
4.775  6.35979e-04
4.800  6.43389e-04
4.825  6.50827e-04
4.850  6.58315e-04
4.875  6.65759e-04
4.900  6.73195e-04
4.925  6.80753e-04
4.950  6.88395e-04
4.975  6.96130e-04
5.000  7.03965e-04
5.025  7.11807e-04
5.050  7.19671e-04
5.075  7.27596e-04
5.100  7.35547e-04
5.125  7.43491e-04
5.150  7.51386e-04
5.175  7.59271e-04
5.200  7.67166e-04
5.225  7.75013e-04
5.250  7.82807e-04
5.275  7.90474e-04
5.300  7.98102e-04
5.325  8.05772e-04
5.350  8.13379e-04
5.375  8.20924e-04
5.400  8.28461e-04
5.425  8.36057e-04
5.450  8.43754e-04
5.475  8.51493e-04
5.500  8.59200e-04
5.525  8.66919e-04
5.550  8.74674e-04
5.575  8.82410e-04
5.600  8.90070e-04
5.625  8.97678e-04
5.650  9.05345e-04
5.675  9.13059e-04
5.700  9.20784e-04
5.725  9.28599e-04
5.750  9.36490e-04
5.775  9.44368e-04
5.800  9.52255e-04
5.825  9.60149e-04
5.850  9.67940e-04
5.875  9.75587e-04
5.900  9.83188e-04
5.925  9.90829e-04
5.950  9.98492e-04
5.975  1.00611e-03
6.000  1.01366e-03
6.025  1.02118e-03
6.050  1.02865e-03
6.075  1.03596e-03
6.100  1.04318e-03
6.125  1.05042e-03
6.150  1.05763e-03
6.175  1.06483e-03
6.200  1.07203e-03
6.225  1.07916e-03
6.250  1.08620e-03
6.275  1.09328e-03
6.300  1.10035e-03
6.325  1.10739e-03
6.350  1.11444e-03
6.375  1.12151e-03
6.400  1.12860e-03
6.425  1.13570e-03
6.450  1.14277e-03
6.475  1.14983e-03
6.500  1.15690e-03
6.525  1.16390e-03
6.550  1.17082e-03
6.575  1.17770e-03
6.600  1.18454e-03
6.625  1.19133e-03
6.650  1.19808e-03
6.675  1.20476e-03
6.700  1.21139e-03
6.725  1.21803e-03
6.750  1.22474e-03
6.775  1.23149e-03
6.800  1.23820e-03
6.825  1.24496e-03
6.850  1.25184e-03
6.875  1.25874e-03
6.900  1.26570e-03
6.925  1.27267e-03
6.950  1.27957e-03
6.975  1.28649e-03
7.000  1.29348e-03
7.025  1.30048e-03
7.050  1.30742e-03
7.075  1.31432e-03
7.100  1.32124e-03
7.125  1.32821e-03
7.150  1.33520e-03
7.175  1.34217e-03
7.200  1.34914e-03
7.225  1.35617e-03
7.250  1.36329e-03
7.275  1.37048e-03
7.300  1.37773e-03
7.325  1.38499e-03
7.350  1.39221e-03
7.375  1.39952e-03
7.400  1.40689e-03
7.425  1.41418e-03
7.450  1.42148e-03
7.475  1.42889e-03
7.500  1.43629e-03
7.525  1.44369e-03
7.550  1.45120e-03
7.575  1.45875e-03
7.600  1.46635e-03
7.625  1.47412e-03
7.650  1.48198e-03
7.675  1.48988e-03
7.700  1.49791e-03
7.725  1.50605e-03
7.750  1.51434e-03
7.775  1.52279e-03
7.800  1.53129e-03
7.825  1.53988e-03
7.850  1.54864e-03
7.875  1.55742e-03
7.900  1.56616e-03
7.925  1.57496e-03
7.950  1.58385e-03
7.975  1.59281e-03
8.000  1.60186e-03
8.025  1.61097e-03
8.050  1.62009e-03
8.075  1.62922e-03
8.100  1.63838e-03
8.125  1.64759e-03
8.150  1.65686e-03
8.175  1.66619e-03
8.200  1.67560e-03
8.225  1.68507e-03
8.250  1.69460e-03
8.275  1.70415e-03
8.300  1.71374e-03
8.325  1.72343e-03
8.350  1.73313e-03
8.375  1.74280e-03
8.400  1.75253e-03
8.425  1.76234e-03
8.450  1.77230e-03
8.475  1.78248e-03
8.500  1.79278e-03
8.525  1.80307e-03
8.550  1.81336e-03
8.575  1.82374e-03
8.600  1.83423e-03
8.625  1.84475e-03
8.650  1.85540e-03
8.675  1.86620e-03
8.700  1.87704e-03
8.725  1.88792e-03
8.750  1.89880e-03
8.775  1.90977e-03
8.800  1.92090e-03
8.825  1.93206e-03
8.850  1.94322e-03
8.875  1.95435e-03
8.900  1.96548e-03
8.925  1.97666e-03
8.950  1.98791e-03
8.975  1.99916e-03
9.000  2.01038e-03
9.025  2.02161e-03
9.050  2.03298e-03
9.075  2.04447e-03
9.100  2.05594e-03
9.125  2.06744e-03
9.150  2.07901e-03
9.175  2.09063e-03
9.200  2.10231e-03
9.225  2.11405e-03
9.250  2.12578e-03
9.275  2.13754e-03
9.300  2.14937e-03
9.325  2.16121e-03
9.350  2.17297e-03
9.375  2.18473e-03
9.400  2.19650e-03
9.425  2.20828e-03
9.450  2.22009e-03
9.475  2.23182e-03
9.500  2.24357e-03
9.525  2.25541e-03
9.550  2.26728e-03
9.575  2.27914e-03
9.600  2.29096e-03
9.625  2.30276e-03
9.650  2.31458e-03
9.675  2.32644e-03
9.700  2.33830e-03
9.725  2.35011e-03
9.750  2.36192e-03
9.775  2.37380e-03
9.800  2.38566e-03
9.825  2.39746e-03
9.850  2.40928e-03
9.875  2.42114e-03
9.900  2.43300e-03
9.925  2.44486e-03
9.950  2.45669e-03
9.975  2.46843e-03
10.000  2.48014e-03
10.025  2.49194e-03
10.050  2.50377e-03
10.075  2.51557e-03
10.100  2.52738e-03
10.125  2.53920e-03
10.150  2.55104e-03
10.175  2.56283e-03
10.200  2.57453e-03
10.225  2.58628e-03
10.250  2.59809e-03
10.275  2.60991e-03
10.300  2.62176e-03
10.325  2.63369e-03
10.350  2.64573e-03
10.375  2.65785e-03
10.400  2.67004e-03
10.425  2.68224e-03
10.450  2.69440e-03
10.475  2.70656e-03
10.500  2.71879e-03
10.525  2.73111e-03
10.550  2.74346e-03
10.575  2.75585e-03
10.600  2.76835e-03
10.625  2.78092e-03
10.650  2.79349e-03
10.675  2.80608e-03
10.700  2.81870e-03
10.725  2.83130e-03
10.750  2.84393e-03
10.775  2.85655e-03
10.800  2.86915e-03
10.825  2.88173e-03
10.850  2.89432e-03
10.875  2.90704e-03
10.900  2.91975e-03
10.925  2.93237e-03
10.950  2.94508e-03
10.975  2.95792e-03
11.000  2.97082e-03
11.025  2.98375e-03
11.050  2.99671e-03
11.075  3.00964e-03
11.100  3.02265e-03
11.125  3.03588e-03
11.150  3.04937e-03
11.175  3.06338e-03
11.200  3.07822e-03
11.225  3.09429e-03
11.250  3.11218e-03
11.275  3.13281e-03
11.300  3.15715e-03
11.325  3.18569e-03
11.350  3.21963e-03
11.375  3.26004e-03
11.400  3.30677e-03
11.425  3.35740e-03
11.450  3.40970e-03
11.475  3.46632e-03
11.500  3.52479e-03
11.525  3.58176e-03
11.550  3.64360e-03
11.575  3.71731e-03
11.600  3.79876e-03
11.625  3.87869e-03
11.650  3.97013e-03
11.675  4.06200e-03
11.700  4.12487e-03
11.725  4.18954e-03
11.750  4.26907e-03
11.775  4.33981e-03
11.800  4.41172e-03
11.825  4.52222e-03
11.850  4.67663e-03
11.875  4.81458e-03
11.900  4.93753e-03
11.925  5.07473e-03
11.950  5.19447e-03
11.975  5.30100e-03
12.000  5.40896e-03
12.025  5.53369e-03
12.050  5.71037e-03
12.075  5.92453e-03
12.100  6.12440e-03
12.125  6.32110e-03
12.150  6.53840e-03
12.175  6.70807e-03
12.200  6.80745e-03
12.225  6.90034e-03
12.250  7.02379e-03
12.275  7.17795e-03
12.300  7.38149e-03
12.325  7.65469e-03
12.350  7.94078e-03
12.375  8.22395e-03
12.400  8.50432e-03
12.425  8.71356e-03
12.450  8.90238e-03
12.475  9.13342e-03
12.500  9.36039e-03
12.525  9.60330e-03
12.550  9.88271e-03
12.575  1.01319e-02
12.600  1.03711e-02
12.625  1.06277e-02
12.650  1.08077e-02
12.675  1.09183e-02
12.700  1.10037e-02
12.725  1.10465e-02
12.750  1.11157e-02
12.775  1.12491e-02
12.800  1.14323e-02
12.825  1.16949e-02
12.850  1.19763e-02
12.875  1.21567e-02
12.900  1.22766e-02
12.925  1.24081e-02
12.950  1.25502e-02
12.975  1.27681e-02
13.000  1.30148e-02
13.025  1.32559e-02
13.050  1.35723e-02
13.075  1.38521e-02
13.100  1.40104e-02
13.125  1.40805e-02
13.150  1.40507e-02
13.175  1.39271e-02
13.200  1.37353e-02
13.225  1.35186e-02
13.250  1.34218e-02
13.275  1.34724e-02
13.300  1.35487e-02
13.325  1.37606e-02
13.350  1.40882e-02
13.375  1.42399e-02
13.400  1.41289e-02
13.425  1.38534e-02
13.450  1.35527e-02
13.475  1.33490e-02
13.500  1.33408e-02
13.525  1.36152e-02
13.550  1.40083e-02
13.575  1.42802e-02
13.600  1.44185e-02
13.625  1.43995e-02
13.650  1.42129e-02
13.675  1.39751e-02
13.700  1.38895e-02
13.725  1.40294e-02
13.750  1.43066e-02
13.775  1.47001e-02
13.800  1.51321e-02
13.825  1.55840e-02
13.850  1.60768e-02
13.875  1.64325e-02
13.900  1.64069e-02
13.925  1.58799e-02
13.950  1.49625e-02
13.975  1.39664e-02
14.000  1.32240e-02
14.025  1.29755e-02
14.050  1.32960e-02
14.075  1.38554e-02
14.100  1.43068e-02
14.125  1.47501e-02
14.150  1.52874e-02
14.175  1.57739e-02
14.200  1.59980e-02
14.225  1.61517e-02
14.250  1.66430e-02
14.275  1.71940e-02
14.300  1.75636e-02
14.325  1.80351e-02
14.350  1.83628e-02
14.375  1.82807e-02
14.400  1.81556e-02
14.425  1.80153e-02
14.450  1.77281e-02
14.475  1.75427e-02
14.500  1.74643e-02
14.525  1.75188e-02
14.550  1.79388e-02
14.575  1.84780e-02
14.600  1.88096e-02
14.625  1.91370e-02
14.650  1.96716e-02
14.675  2.02689e-02
14.700  2.09313e-02
14.725  2.16975e-02
14.750  2.23073e-02
14.775  2.27368e-02
14.800  2.30183e-02
14.825  2.27783e-02
14.850  2.19272e-02
14.875  2.08208e-02
14.900  1.98411e-02
14.925  1.93765e-02
14.950  1.94321e-02
14.975  1.98179e-02
15.000  2.05127e-02
15.025  2.12572e-02
15.050  2.18847e-02
15.075  2.24983e-02
15.100  2.30685e-02
15.125  2.35404e-02
15.150  2.37503e-02
15.175  2.35929e-02
15.200  2.33393e-02
15.225  2.31042e-02
15.250  2.27648e-02
15.275  2.24950e-02
15.300  2.26060e-02
15.325  2.31577e-02
15.350  2.38639e-02
15.375  2.44040e-02
15.400  2.48674e-02
15.425  2.53393e-02
15.450  2.56154e-02
15.475  2.56399e-02
15.500  2.54149e-02
15.525  2.49778e-02
15.550  2.44961e-02
15.575  2.41697e-02
15.600  2.42498e-02
15.625  2.46406e-02
15.650  2.51117e-02
15.675  2.54812e-02
15.700  2.53653e-02
15.725  2.48367e-02
15.750  2.42936e-02
15.775  2.37846e-02
15.800  2.32906e-02
15.825  2.29452e-02
15.850  2.29491e-02
15.875  2.32729e-02
15.900  2.37170e-02
15.925  2.43217e-02
15.950  2.50403e-02
15.975  2.57920e-02
16.000  2.66386e-02
16.025  2.73768e-02
16.050  2.79188e-02
16.075  2.83079e-02
16.100  2.82931e-02
16.125  2.79381e-02
16.150  2.76123e-02
16.175  2.72404e-02
16.200  2.67559e-02
16.225  2.64349e-02
16.250  2.63229e-02
16.275  2.63848e-02
16.300  2.65218e-02
16.325  2.64626e-02
16.350  2.62328e-02
16.375  2.58725e-02
16.400  2.52860e-02
16.425  2.46140e-02
16.450  2.39891e-02
16.475  2.34745e-02
16.500  2.32654e-02
16.525  2.33781e-02
16.550  2.36126e-02
16.575  2.38048e-02
16.600  2.38617e-02
16.625  2.39227e-02
16.650  2.41377e-02
16.675  2.44479e-02
16.700  2.47967e-02
16.725  2.50875e-02
16.750  2.52449e-02
16.775  2.52861e-02
16.800  2.51541e-02
16.825  2.49093e-02
16.850  2.48029e-02
16.875  2.48435e-02
16.900  2.49614e-02
16.925  2.52961e-02
16.950  2.57680e-02
16.975  2.60827e-02
17.000  2.61562e-02
17.025  2.60197e-02
17.050  2.57126e-02
17.075  2.53350e-02
17.100  2.49711e-02
17.125  2.48036e-02
17.150  2.47971e-02
17.175  2.46691e-02
17.200  2.44589e-02
17.225  2.43091e-02
17.250  2.42217e-02
17.275  2.41195e-02
17.300  2.39903e-02
17.325  2.39520e-02
17.350  2.40277e-02
17.375  2.42846e-02
17.400  2.48837e-02
17.425  2.57776e-02
17.450  2.67279e-02
17.475  2.75614e-02
17.500  2.82481e-02
17.525  2.87945e-02
17.550  2.91058e-02
17.575  2.91377e-02
17.600  2.90942e-02
17.625  2.90631e-02
17.650  2.89436e-02
17.675  2.88838e-02
17.700  2.90986e-02
17.725  2.95419e-02
17.750  3.00989e-02
17.775  3.07448e-02
17.800  3.14289e-02
17.825  3.19605e-02
17.850  3.21443e-02
17.875  3.20142e-02
17.900  3.17459e-02
17.925  3.13473e-02
17.950  3.07388e-02
17.975  3.01214e-02
18.000  2.97409e-02
18.025  2.95114e-02
18.050  2.93135e-02
18.075  2.91947e-02
18.100  2.91553e-02
18.125  2.91548e-02
18.150  2.92488e-02
18.175  2.94641e-02
18.200  2.97995e-02
18.225  3.01907e-02
18.250  3.04694e-02
18.275  3.06888e-02
18.300  3.10284e-02
18.325  3.14840e-02
18.350  3.19232e-02
18.375  3.22993e-02
18.400  3.27375e-02
18.425  3.32129e-02
18.450  3.34546e-02
18.475  3.34160e-02
18.500  3.32931e-02
18.525  3.31007e-02
18.550  3.28439e-02
18.575  3.26146e-02
18.600  3.23272e-02
18.625  3.18817e-02
18.650  3.13117e-02
18.675  3.07399e-02
18.700  3.02722e-02
18.725  2.97462e-02
18.750  2.88912e-02
18.775  2.77850e-02
18.800  2.67666e-02
18.825  2.59169e-02
18.850  2.50762e-02
18.875  2.43215e-02
18.900  2.37860e-02
18.925  2.33937e-02
18.950  2.31921e-02
18.975  2.32453e-02
19.000  2.34456e-02
19.025  2.37836e-02
19.050  2.42711e-02
19.075  2.48038e-02
19.100  2.53458e-02
19.125  2.58278e-02
19.150  2.61331e-02
19.175  2.64361e-02
19.200  2.68683e-02
19.225  2.72818e-02
19.250  2.76819e-02
19.275  2.80354e-02
19.300  2.81848e-02
19.325  2.83093e-02
19.350  2.86393e-02
19.375  2.91418e-02
19.400  2.97882e-02
19.425  3.04668e-02
19.450  3.09799e-02
19.475  3.13370e-02
19.500  3.15495e-02
19.525  3.15314e-02
19.550  3.13298e-02
19.575  3.10492e-02
19.600  3.07530e-02
19.625  3.04821e-02
19.650  3.02150e-02
19.675  2.99560e-02
19.700  2.98302e-02
19.725  2.98224e-02
19.750  2.97753e-02
19.775  2.97315e-02
19.800  2.97675e-02
19.825  2.98298e-02
19.850  2.99263e-02
19.875  3.01192e-02
19.900  3.03015e-02
19.925  3.02478e-02
19.950  2.99513e-02
19.975  2.95219e-02
20.000  2.88544e-02
20.025  2.79138e-02
20.050  2.69865e-02
20.075  2.61768e-02
20.100  2.53549e-02
20.125  2.45916e-02
20.150  2.39622e-02
20.175  2.34929e-02
20.200  2.31233e-02
20.225  2.25792e-02
20.250  2.19309e-02
20.275  2.14138e-02
20.300  2.08860e-02
20.325  2.03817e-02
20.350  2.01113e-02
20.375  1.98400e-02
20.400  1.92895e-02
20.425  1.83928e-02
20.450  1.70975e-02
20.475  1.55033e-02
20.500  1.36486e-02
20.525  1.16422e-02
20.550  9.82739e-03
20.575  8.35267e-03
20.600  7.19514e-03
20.625  6.20518e-03
20.650  5.10100e-03
20.675  3.83345e-03
20.700  2.53510e-03
20.725  1.15592e-03
20.750 -4.69247e-04
20.775 -2.44625e-03
20.800 -4.82433e-03
20.825 -7.61395e-03
20.850 -1.07787e-02
20.875 -1.41703e-02
20.900 -1.76681e-02
20.925 -2.12797e-02
20.950 -2.49475e-02
20.975 -2.86011e-02
21.000 -3.22737e-02
21.025 -3.59523e-02
21.050 -3.95576e-02
21.075 -4.30167e-02
21.100 -4.63636e-02
21.125 -4.96418e-02
21.150 -5.27351e-02
21.175 -5.56714e-02
21.200 -5.85246e-02
21.225 -6.12474e-02
21.250 -6.39623e-02
21.275 -6.67290e-02
21.300 -6.95405e-02
21.325 -7.24321e-02
21.350 -7.52691e-02
21.375 -7.80326e-02
21.400 -8.08915e-02
21.425 -8.39811e-02
21.450 -8.73685e-02
21.475 -9.09808e-02
21.500 -9.47982e-02
21.525 -9.88147e-02
21.550 -1.02805e-01
21.575 -1.06650e-01
21.600 -1.10332e-01
21.625 -1.13729e-01
21.650 -1.16809e-01
21.675 -1.19584e-01
21.700 -1.22163e-01
21.725 -1.24687e-01
21.750 -1.27090e-01
21.775 -1.29385e-01
21.800 -1.31678e-01
21.825 -1.33994e-01
21.850 -1.36354e-01
21.875 -1.38735e-01
21.900 -1.41108e-01
21.925 -1.43454e-01
21.950 -1.45697e-01
21.975 -1.47783e-01
22.000 -1.49664e-01
22.025 -1.51229e-01
22.050 -1.52361e-01
22.075 -1.53020e-01
22.100 -1.53172e-01
22.125 -1.52768e-01
22.150 -1.51828e-01
22.175 -1.50511e-01
22.200 -1.48921e-01
22.225 -1.47046e-01
22.250 -1.44976e-01
22.275 -1.42743e-01
22.300 -1.40241e-01
22.325 -1.37475e-01
22.350 -1.34455e-01
22.375 -1.31036e-01
22.400 -1.27199e-01
22.425 -1.22994e-01
22.450 -1.18309e-01
22.475 -1.13264e-01
22.500 -1.08198e-01
22.525 -1.03288e-01
22.550 -9.86292e-02
22.575 -9.42466e-02
22.600 -9.01743e-02
22.625 -8.65741e-02
22.650 -8.34284e-02
22.675 -8.05489e-02
22.700 -7.79527e-02
22.725 -7.57127e-02
22.750 -7.37250e-02
22.775 -7.18994e-02
22.800 -7.01613e-02
22.825 -6.83472e-02
22.850 -6.63678e-02
22.875 -6.42454e-02
22.900 -6.19855e-02
22.925 -5.95575e-02
22.950 -5.69058e-02
22.975 -5.39978e-02
23.000 -5.09081e-02
23.025 -4.77135e-02
23.050 -4.44638e-02
23.075 -4.13356e-02
23.100 -3.85403e-02
23.125 -3.61503e-02
23.150 -3.42156e-02
23.175 -3.27133e-02
23.200 -3.14751e-02
23.225 -3.05522e-02
23.250 -3.00654e-02
23.275 -2.98662e-02
23.300 -2.98717e-02
23.325 -3.00490e-02
23.350 -3.01937e-02
23.375 -3.01793e-02
23.400 -2.99984e-02
23.425 -2.97472e-02
23.450 -2.97960e-02
23.475 -3.04877e-02
23.500 -3.17863e-02
23.525 -3.35253e-02
23.550 -3.55172e-02
23.575 -3.74745e-02
23.600 -3.93173e-02
23.625 -4.12409e-02
23.650 -4.34201e-02
23.675 -4.59007e-02
23.700 -4.87216e-02
23.725 -5.18484e-02
23.750 -5.49580e-02
23.775 -5.76692e-02
23.800 -5.98633e-02
23.825 -6.16438e-02
23.850 -6.30896e-02
23.875 -6.43367e-02
23.900 -6.58014e-02
23.925 -6.77005e-02
23.950 -6.98679e-02
23.975 -7.22034e-02
24.000 -7.46332e-02
24.025 -7.69945e-02
24.050 -7.91411e-02
24.075 -8.09758e-02
24.100 -8.26026e-02
24.125 -8.41364e-02
24.150 -8.52702e-02
24.175 -8.58135e-02
24.200 -8.60630e-02
24.225 -8.60585e-02
24.250 -8.57197e-02
24.275 -8.51915e-02
24.300 -8.44401e-02
24.325 -8.34960e-02
24.350 -8.24810e-02
24.375 -8.13259e-02
24.400 -8.01994e-02
24.425 -7.96466e-02
24.450 -8.00354e-02
24.475 -8.12711e-02
24.500 -8.31267e-02
24.525 -8.53508e-02
24.550 -8.74877e-02
24.575 -8.91237e-02
24.600 -9.01353e-02
24.625 -9.05793e-02
24.650 -9.06155e-02
24.675 -9.03590e-02
24.700 -8.98043e-02
24.725 -8.91338e-02
24.750 -8.86282e-02
24.775 -8.83600e-02
24.800 -8.83510e-02
24.825 -8.87726e-02
24.850 -8.99857e-02
24.875 -9.22209e-02
24.900 -9.53359e-02
24.925 -9.91003e-02
24.950 -1.03192e-01
24.975 -1.07087e-01
25.000 -1.10281e-01
25.025 -1.12365e-01
25.050 -1.13136e-01
25.075 -1.12641e-01
25.100 -1.11028e-01
25.125 -1.08690e-01
25.150 -1.06201e-01
25.175 -1.03876e-01
25.200 -1.01817e-01
25.225 -1.00371e-01
25.250 -9.99044e-02
25.275 -1.00299e-01
25.300 -1.01166e-01
25.325 -1.02301e-01
25.350 -1.03767e-01
25.375 -1.05410e-01
25.400 -1.06865e-01
25.425 -1.08008e-01
25.450 -1.08766e-01
25.475 -1.09004e-01
25.500 -1.08683e-01
25.525 -1.07752e-01
25.550 -1.06125e-01
25.575 -1.03810e-01
25.600 -1.00922e-01
25.625 -9.76583e-02
25.650 -9.42522e-02
25.675 -9.09093e-02
25.700 -8.77617e-02
25.725 -8.48548e-02
25.750 -8.21431e-02
25.775 -7.94950e-02
25.800 -7.69063e-02
25.825 -7.42988e-02
25.850 -7.11484e-02
25.875 -6.71659e-02
25.900 -6.25187e-02
25.925 -5.72993e-02
25.950 -5.19110e-02
25.975 -4.70232e-02
26.000 -4.29446e-02
26.025 -3.98084e-02
26.050 -3.75829e-02
26.075 -3.57841e-02
26.100 -3.38820e-02
26.125 -3.16713e-02
26.150 -2.91676e-02
26.175 -2.66569e-02
26.200 -2.46086e-02
26.225 -2.33570e-02
26.250 -2.29489e-02
26.275 -2.31938e-02
26.300 -2.38519e-02
26.325 -2.46688e-02
26.350 -2.53316e-02
26.375 -2.55468e-02
26.400 -2.51382e-02
26.425 -2.41264e-02
26.450 -2.26026e-02
26.475 -2.05873e-02
26.500 -1.82169e-02
26.525 -1.56994e-02
26.550 -1.31555e-02
26.575 -1.07081e-02
26.600 -8.32368e-03
26.625 -5.89727e-03
26.650 -3.46707e-03
26.675 -9.53555e-04
26.700  1.82797e-03
26.725  5.00404e-03
26.750  8.68341e-03
26.775  1.28260e-02
26.800  1.71929e-02
26.825  2.16099e-02
26.850  2.60208e-02
26.875  3.02794e-02
26.900  3.42584e-02
26.925  3.79403e-02
26.950  4.13088e-02
26.975  4.42992e-02
27.000  4.67040e-02
27.025  4.83013e-02
27.050  4.89985e-02
27.075  4.87931e-02
27.100  4.79161e-02
27.125  4.67812e-02
27.150  4.57190e-02
27.175  4.49093e-02
27.200  4.42544e-02
27.225  4.35517e-02
27.250  4.27688e-02
27.275  4.18079e-02
27.300  4.06784e-02
27.325  3.96602e-02
27.350  3.87788e-02
27.375  3.79813e-02
27.400  3.74082e-02
27.425  3.70682e-02
27.450  3.70535e-02
27.475  3.76546e-02
27.500  3.90119e-02
27.525  4.11201e-02
27.550  4.39033e-02
27.575  4.70138e-02
27.600  5.00399e-02
27.625  5.28502e-02
27.650  5.53904e-02
27.675  5.77026e-02
27.700  6.00641e-02
27.725  6.27077e-02
27.750  6.56433e-02
27.775  6.87608e-02
27.800  7.19207e-02
27.825  7.48462e-02
27.850  7.71666e-02
27.875  7.87707e-02
27.900  7.98642e-02
27.925  8.06702e-02
27.950  8.12382e-02
27.975  8.16168e-02
28.000  8.19192e-02
28.025  8.20613e-02
28.050  8.19785e-02
28.075  8.17666e-02
28.100  8.15214e-02
28.125  8.15131e-02
28.150  8.19606e-02
28.175  8.28505e-02
28.200  8.42456e-02
28.225  8.60503e-02
28.250  8.79046e-02
28.275  8.96102e-02
28.300  9.10453e-02
28.325  9.21032e-02
28.350  9.28389e-02
28.375  9.32786e-02
28.400  9.34363e-02
28.425  9.34160e-02
28.450  9.34175e-02
28.475  9.37582e-02
28.500  9.45970e-02
28.525  9.58387e-02
28.550  9.73625e-02
28.575  9.89311e-02
28.600  1.00099e-01
28.625  1.00514e-01
28.650  1.00247e-01
28.675  9.97410e-02
28.700  9.94292e-02
28.725  9.95213e-02
28.750  1.00147e-01
28.775  1.01304e-01
28.800  1.02532e-01
28.825  1.03178e-01
28.850  1.02951e-01
28.875  1.01821e-01
28.900  1.00007e-01
28.925  9.80950e-02
28.950  9.65099e-02
28.975  9.53450e-02
29.000  9.46247e-02
29.025  9.42001e-02
29.050  9.38092e-02
29.075  9.33170e-02
29.100  9.26415e-02
29.125  9.17087e-02
29.150  9.05896e-02
29.175  8.94179e-02
29.200  8.83514e-02
29.225  8.76470e-02
29.250  8.73803e-02
29.275  8.74066e-02
29.300  8.75899e-02
29.325  8.77021e-02
29.350  8.74889e-02
29.375  8.68331e-02
29.400  8.58291e-02
29.425  8.48423e-02
29.450  8.41326e-02
29.475  8.36277e-02
29.500  8.32811e-02
29.525  8.31677e-02
29.550  8.32818e-02
29.575  8.36318e-02
29.600  8.43108e-02
29.625  8.53537e-02
29.650  8.67211e-02
29.675  8.82687e-02
29.700  8.97629e-02
29.725  9.10612e-02
29.750  9.20048e-02
29.775  9.23543e-02
29.800  9.21449e-02
29.825  9.16585e-02
29.850  9.10528e-02
29.875  9.03529e-02
29.900  8.96421e-02
29.925  8.91228e-02
29.950  8.89534e-02
29.975  8.91113e-02
30.000  8.94613e-02
30.025  8.98332e-02
30.050  8.99931e-02
30.075  8.96630e-02
30.100  8.87807e-02
30.125  8.76027e-02
30.150  8.64989e-02
30.175  8.58401e-02
30.200  8.58212e-02
30.225  8.62533e-02
30.250  8.68212e-02
30.275  8.72947e-02
30.300  8.75413e-02
30.325  8.76564e-02
30.350  8.76724e-02
30.375  8.73831e-02
30.400  8.66077e-02
30.425  8.52668e-02
30.450  8.33605e-02
30.475  8.09216e-02
30.500  7.80006e-02
30.525  7.46541e-02
30.550  7.09686e-02
30.575  6.71456e-02
30.600  6.33571e-02
30.625  5.96535e-02
30.650  5.61203e-02
30.675  5.29036e-02
30.700  4.99537e-02
30.725  4.69971e-02
30.750  4.39089e-02
30.775  4.08106e-02
30.800  3.78641e-02
30.825  3.50852e-02
30.850  3.23771e-02
30.875  2.97369e-02
30.900  2.71460e-02
30.925  2.44843e-02
30.950  2.17251e-02
30.975  1.88360e-02
31.000  1.57787e-02
31.025  1.27859e-02
31.050  1.01477e-02
31.075  7.99853e-03
31.100  6.41757e-03
31.125  5.39656e-03
31.150  4.78137e-03
31.175  4.23348e-03
31.200  3.38365e-03
31.225  1.99693e-03
31.250 -6.97593e-05
31.275 -2.79423e-03
31.300 -5.99905e-03
31.325 -9.46313e-03
31.350 -1.28212e-02
31.375 -1.56627e-02
31.400 -1.77945e-02
31.425 -1.91231e-02
31.450 -1.96013e-02
31.475 -1.93245e-02
31.500 -1.84189e-02
31.525 -1.70149e-02
31.550 -1.52424e-02
31.575 -1.32127e-02
31.600 -1.10636e-02
31.625 -8.91153e-03
31.650 -6.91289e-03
31.675 -5.35539e-03
31.700 -4.43975e-03
31.725 -4.11350e-03
31.750 -4.26404e-03
31.775 -4.82411e-03
31.800 -5.66224e-03
31.825 -6.65868e-03
31.850 -7.87920e-03
31.875 -9.45626e-03
31.900 -1.13842e-02
31.925 -1.35745e-02
31.950 -1.59155e-02
31.975 -1.82583e-02
32.000 -2.04928e-02
32.025 -2.25905e-02
32.050 -2.45542e-02
32.075 -2.64215e-02
32.100 -2.82867e-02
32.125 -3.01925e-02
32.150 -3.22077e-02
32.175 -3.45033e-02
32.200 -3.71232e-02
32.225 -4.00249e-02
32.250 -4.31993e-02
32.275 -4.64892e-02
32.300 -4.96238e-02
32.325 -5.24047e-02
32.350 -5.47165e-02
32.375 -5.65099e-02
32.400 -5.77970e-02
32.425 -5.86722e-02
32.450 -5.92724e-02
32.475 -5.96855e-02
32.500 -5.99381e-02
32.525 -6.00437e-02
32.550 -6.00964e-02
32.575 -6.02423e-02
32.600 -6.05815e-02
32.625 -6.11974e-02
32.650 -6.21633e-02
32.675 -6.34824e-02
32.700 -6.51476e-02
32.725 -6.71021e-02
32.750 -6.90749e-02
32.775 -7.07662e-02
32.800 -7.20067e-02
32.825 -7.26535e-02
32.850 -7.26527e-02
32.875 -7.20817e-02
32.900 -7.10320e-02
32.925 -6.95719e-02
32.950 -6.78708e-02
32.975 -6.61803e-02
33.000 -6.45790e-02
33.025 -6.30070e-02
33.050 -6.14972e-02
33.075 -6.01432e-02
33.100 -5.89917e-02
33.125 -5.80454e-02
33.150 -5.72818e-02
33.175 -5.67037e-02
33.200 -5.62860e-02
33.225 -5.58959e-02
33.250 -5.54871e-02
33.275 -5.50931e-02
33.300 -5.46395e-02
33.325 -5.40232e-02
33.350 -5.32137e-02
33.375 -5.22542e-02
33.400 -5.10526e-02
33.425 -4.93984e-02
33.450 -4.72785e-02
33.475 -4.47536e-02
33.500 -4.18681e-02
33.525 -3.87390e-02
33.550 -3.54507e-02
33.575 -3.20706e-02
33.600 -2.86729e-02
33.625 -2.52696e-02
33.650 -2.18204e-02
33.675 -1.83238e-02
33.700 -1.47955e-02
33.725 -1.11654e-02
33.750 -7.36433e-03
33.775 -3.34223e-03
33.800  9.68936e-04
33.825  5.54247e-03
33.850  1.02344e-02
33.875  1.47784e-02
33.900  1.88697e-02
33.925  2.22719e-02
33.950  2.47742e-02
33.975  2.63571e-02
34.000  2.72523e-02
34.025  2.76675e-02
34.050  2.77293e-02
34.075  2.76119e-02
34.100  2.74222e-02
34.125  2.70686e-02
34.150  2.64939e-02
34.175  2.57903e-02
34.200  2.50634e-02
34.225  2.44637e-02
34.250  2.41095e-02
34.275  2.39349e-02
34.300  2.38379e-02
34.325  2.38178e-02
34.350  2.38883e-02
34.375  2.41113e-02
34.400  2.45986e-02
34.425  2.53253e-02
34.450  2.62226e-02
34.475  2.73205e-02
34.500  2.86180e-02
34.525  3.00029e-02
34.550  3.13716e-02
34.575  3.26886e-02
34.600  3.38401e-02
34.625  3.46831e-02
34.650  3.51881e-02
34.675  3.53346e-02
34.700  3.50623e-02
34.725  3.43239e-02
34.750  3.31058e-02
34.775  3.14150e-02
34.800  2.92447e-02
34.825  2.65936e-02
34.850  2.34639e-02
34.875  1.98768e-02
34.900  1.59505e-02
34.925  1.18356e-02
34.950  7.67888e-03
34.975  3.71497e-03
35.000  1.25710e-04
35.025 -3.07821e-03
35.050 -5.94579e-03
35.075 -8.51658e-03
35.100 -1.07908e-02
35.125 -1.27192e-02
35.150 -1.41786e-02
35.175 -1.50319e-02
35.200 -1.52799e-02
35.225 -1.49971e-02
35.250 -1.41480e-02
35.275 -1.26533e-02
35.300 -1.05658e-02
35.325 -8.07105e-03
35.350 -5.42236e-03
35.375 -2.84928e-03
35.400 -4.91147e-04
35.425  1.56494e-03
35.450  3.31698e-03
35.475  4.86345e-03
35.500  6.31123e-03
35.525  7.71069e-03
35.550  9.00908e-03
35.575  1.01134e-02
35.600  1.09528e-02
35.625  1.14470e-02
35.650  1.16316e-02
35.675  1.16621e-02
35.700  1.16179e-02
35.725  1.14952e-02
35.750  1.12795e-02
35.775  1.09443e-02
35.800  1.04882e-02
35.825  1.00392e-02
35.850  9.73684e-03
35.875  9.59255e-03
35.900  9.59389e-03
35.925  9.72420e-03
35.950  1.00065e-02
35.975  1.04762e-02
36.000  1.10664e-02
36.025  1.17169e-02
36.050  1.24185e-02
36.075  1.31535e-02
36.100  1.38492e-02
36.125  1.43881e-02
36.150  1.47027e-02
36.175  1.47907e-02
36.200  1.47007e-02
36.225  1.44946e-02
36.250  1.42055e-02
36.275  1.38701e-02
36.300  1.35031e-02
36.325  1.30969e-02
36.350  1.27060e-02
36.375  1.23841e-02
36.400  1.20847e-02
36.425  1.17520e-02
36.450  1.14339e-02
36.475  1.12229e-02
36.500  1.10965e-02
36.525  1.09723e-02
36.550  1.08521e-02
36.575  1.06910e-02
36.600  1.03781e-02
36.625  9.90005e-03
36.650  9.24691e-03
36.675  8.39380e-03
36.700  7.40531e-03
36.725  6.36004e-03
36.750  5.32385e-03
36.775  4.37024e-03
36.800  3.54674e-03
36.825  2.85218e-03
36.850  2.23335e-03
36.875  1.62130e-03
36.900  9.76151e-04
36.925  2.83565e-04
36.950 -4.79039e-04
36.975 -1.34091e-03
37.000 -2.34730e-03
37.025 -3.53001e-03
37.050 -4.84262e-03
37.075 -6.22515e-03
37.100 -7.62876e-03
37.125 -8.97770e-03
37.150 -1.02475e-02
37.175 -1.14689e-02
37.200 -1.26209e-02
37.225 -1.36497e-02
37.250 -1.44808e-02
37.275 -1.49963e-02
37.300 -1.51975e-02
37.325 -1.51778e-02
37.350 -1.49620e-02
37.375 -1.45988e-02
37.400 -1.41563e-02
37.425 -1.36486e-02
37.450 -1.30647e-02
37.475 -1.23619e-02
37.500 -1.15056e-02
37.525 -1.04810e-02
37.550 -9.26994e-03
37.575 -7.88880e-03
37.600 -6.33950e-03
37.625 -4.53721e-03
37.650 -2.39136e-03
37.675  1.15513e-04
37.700  2.95577e-03
37.725  6.07866e-03
37.750  9.39532e-03
37.775  1.27980e-02
37.800  1.61837e-02
37.825  1.94551e-02
37.850  2.25974e-02
37.875  2.56728e-02
37.900  2.86751e-02
37.925  3.15149e-02
37.950  3.41159e-02
37.975  3.64800e-02
38.000  3.86488e-02
38.025  4.06576e-02
38.050  4.25762e-02
38.075  4.44500e-02
38.100  4.62952e-02
38.125  4.81594e-02
38.150  5.00174e-02
38.175  5.17550e-02
38.200  5.32424e-02
38.225  5.43483e-02
38.250  5.49951e-02
38.275  5.51712e-02
38.300  5.48939e-02
38.325  5.42213e-02
38.350  5.32410e-02
38.375  5.20483e-02
38.400  5.07438e-02
38.425  4.94181e-02
38.450  4.81407e-02
38.475  4.68997e-02
38.500  4.56450e-02
38.525  4.44317e-02
38.550  4.32945e-02
38.575  4.21868e-02
38.600  4.11250e-02
38.625  4.01249e-02
38.650  3.91468e-02
38.675  3.81314e-02
38.700  3.70376e-02
38.725  3.58626e-02
38.750  3.45711e-02
38.775  3.31481e-02
38.800  3.16321e-02
38.825  3.00384e-02
38.850  2.84330e-02
38.875  2.68982e-02
38.900  2.54199e-02
38.925  2.40064e-02
38.950  2.27155e-02
38.975  2.15880e-02
39.000  2.07061e-02
39.025  2.01604e-02
39.050  1.99303e-02
39.075  1.99094e-02
39.100  2.00307e-02
39.125  2.02389e-02
39.150  2.04210e-02
39.175  2.04800e-02
39.200  2.03749e-02
39.225  2.01032e-02
39.250  1.96582e-02
39.275  1.90007e-02
39.300  1.81255e-02
39.325  1.70704e-02
39.350  1.58411e-02
39.375  1.43967e-02
39.400  1.26900e-02
39.425  1.07168e-02
39.450  8.53469e-03
39.475  6.21545e-03
39.500  3.81318e-03
39.525  1.40981e-03
39.550 -8.79717e-04
39.575 -2.99365e-03
39.600 -4.95618e-03
39.625 -6.79921e-03
39.650 -8.51640e-03
39.675 -1.01030e-02
39.700 -1.15567e-02
39.725 -1.28536e-02
39.750 -1.39612e-02
39.775 -1.48474e-02
39.800 -1.55036e-02
39.825 -1.59539e-02
39.850 -1.62518e-02
39.875 -1.64751e-02
39.900 -1.66659e-02
39.925 -1.68269e-02
39.950 -1.69451e-02
39.975 -1.69542e-02
40.000 -1.67858e-02
40.025 -1.64346e-02
40.050 -1.59239e-02
40.075 -1.53061e-02
40.100 -1.46776e-02
40.125 -1.41774e-02
40.150 -1.39361e-02
40.175 -1.40006e-02
40.200 -1.43800e-02
40.225 -1.50562e-02
40.250 -1.59548e-02
40.275 -1.70139e-02
40.300 -1.81764e-02
40.325 -1.93564e-02
40.350 -2.04867e-02
40.375 -2.15179e-02
40.400 -2.24228e-02
40.425 -2.32408e-02
40.450 -2.40680e-02
40.475 -2.49997e-02
40.500 -2.60495e-02
40.525 -2.71951e-02
40.550 -2.84532e-02
40.575 -2.98102e-02
40.600 -3.12173e-02
40.625 -3.26169e-02
40.650 -3.39294e-02
40.675 -3.50866e-02
40.700 -3.60582e-02
40.725 -3.68470e-02
40.750 -3.74424e-02
40.775 -3.78195e-02
40.800 -3.80108e-02
40.825 -3.80625e-02
40.850 -3.79570e-02
40.875 -3.76576e-02
40.900 -3.71612e-02
40.925 -3.64919e-02
40.950 -3.56536e-02
40.975 -3.46466e-02
41.000 -3.35162e-02
41.025 -3.23061e-02
41.050 -3.10730e-02
41.075 -2.99202e-02
41.100 -2.89501e-02
41.125 -2.82364e-02
41.150 -2.78107e-02
41.175 -2.76791e-02
41.200 -2.78177e-02
41.225 -2.81226e-02
41.250 -2.84524e-02
41.275 -2.87034e-02
41.300 -2.88101e-02
41.325 -2.87237e-02
41.350 -2.84322e-02
41.375 -2.79832e-02
41.400 -2.74265e-02
41.425 -2.67728e-02
41.450 -2.60417e-02
41.475 -2.52780e-02
41.500 -2.45292e-02
41.525 -2.38220e-02
41.550 -2.31432e-02
41.575 -2.24658e-02
41.600 -2.17571e-02
41.625 -2.09791e-02
41.650 -2.01105e-02
41.675 -1.91679e-02
41.700 -1.82024e-02
41.725 -1.72583e-02
41.750 -1.63619e-02
41.775 -1.55049e-02
41.800 -1.46433e-02
41.825 -1.37427e-02
41.850 -1.27903e-02
41.875 -1.17901e-02
41.900 -1.07514e-02
41.925 -9.66260e-03
41.950 -8.49410e-03
41.975 -7.24728e-03
42.000 -5.96813e-03
42.025 -4.69853e-03
42.050 -3.44201e-03
42.075 -2.17811e-03
42.100 -9.27789e-04
42.125  2.46367e-04
42.150  1.31110e-03
42.175  2.23837e-03
42.200  2.98444e-03
42.225  3.53859e-03
42.250  3.86439e-03
42.275  3.88271e-03
42.300  3.57976e-03
42.325  2.99907e-03
42.350  2.16897e-03
42.375  1.09913e-03
42.400 -1.81112e-04
42.425 -1.58277e-03
42.450 -2.97561e-03
42.475 -4.24997e-03
42.500 -5.33834e-03
42.525 -6.20475e-03
42.550 -6.86420e-03
42.575 -7.39616e-03
42.600 -7.89669e-03
42.625 -8.46156e-03
42.650 -9.18167e-03
42.675 -1.00601e-02
42.700 -1.10228e-02
42.725 -1.20086e-02
42.750 -1.29639e-02
42.775 -1.38167e-02
42.800 -1.45121e-02
42.825 -1.50296e-02
42.850 -1.53458e-02
42.875 -1.54607e-02
42.900 -1.54391e-02
42.925 -1.53681e-02
42.950 -1.52920e-02
42.975 -1.52090e-02
43.000 -1.51140e-02
43.025 -1.49741e-02
43.050 -1.47346e-02
43.075 -1.43705e-02
43.100 -1.38691e-02
43.125 -1.32315e-02
43.150 -1.24738e-02
43.175 -1.16088e-02
43.200 -1.06526e-02
43.225 -9.60771e-03
43.250 -8.46253e-03
43.275 -7.22440e-03
43.300 -5.92978e-03
43.325 -4.61041e-03
43.350 -3.26129e-03
43.375 -1.85598e-03
43.400 -3.81194e-04
43.425  1.15020e-03
43.450  2.69455e-03
43.475  4.17967e-03
43.500  5.52207e-03
43.525  6.64650e-03
43.550  7.50813e-03
43.575  8.08159e-03
43.600  8.34443e-03
43.625  8.29459e-03
43.650  7.94847e-03
43.675  7.34517e-03
43.700  6.55707e-03
43.725  5.66538e-03
43.750  4.75020e-03
43.775  3.88787e-03
43.800  3.12459e-03
43.825  2.48277e-03
43.850  1.97416e-03
43.875  1.58292e-03
43.900  1.29641e-03
43.925  1.13596e-03
43.950  1.12038e-03
43.975  1.24634e-03
44.000  1.49780e-03
44.025  1.84550e-03
44.050  2.25549e-03
44.075  2.70380e-03
44.100  3.16646e-03
44.125  3.60336e-03
44.150  4.00215e-03
44.175  4.41938e-03
44.200  4.92450e-03
44.225  5.55075e-03
44.250  6.32632e-03
44.275  7.27661e-03
44.300  8.35370e-03
44.325  9.42066e-03
44.350  1.03277e-02
44.375  1.09784e-02
44.400  1.13266e-02
44.425  1.13637e-02
44.450  1.11314e-02
44.475  1.06659e-02
44.500  9.95310e-03
44.525  8.97812e-03
44.550  7.74886e-03
44.575  6.30762e-03
44.600  4.74782e-03
44.625  3.16695e-03
44.650  1.62036e-03
44.675  1.34740e-04
44.700 -1.26086e-03
44.725 -2.54201e-03
44.750 -3.70563e-03
44.775 -4.74288e-03
44.800 -5.60419e-03
44.825 -6.23995e-03
44.850 -6.65865e-03
44.875 -6.87851e-03
44.900 -6.90055e-03
44.925 -6.77434e-03
44.950 -6.57737e-03
44.975 -6.33273e-03
45.000 -6.02730e-03
45.025 -5.65932e-03
45.050 -5.21910e-03
45.075 -4.69676e-03
45.100 -4.13235e-03
45.125 -3.58072e-03
45.150 -3.05392e-03
45.175 -2.57325e-03
45.200 -2.19574e-03
45.225 -1.96073e-03
45.250 -1.86316e-03
45.275 -1.87508e-03
45.300 -1.98215e-03
45.325 -2.17178e-03
45.350 -2.42170e-03
45.375 -2.71287e-03
45.400 -3.02771e-03
45.425 -3.35549e-03
45.450 -3.67496e-03
45.475 -3.93476e-03
45.500 -4.06690e-03
45.525 -4.00772e-03
45.550 -3.72571e-03
45.575 -3.23372e-03
45.600 -2.55932e-03
45.625 -1.73544e-03
45.650 -8.13541e-04
45.675  1.66810e-04
45.700  1.18569e-03
45.725  2.23252e-03
45.750  3.33505e-03
45.775  4.52804e-03
45.800  5.80621e-03
45.825  7.15807e-03
45.850  8.56958e-03
45.875  1.00138e-02
45.901  1.14816e-02
45.926  1.29500e-02
45.951  1.43606e-02
45.976  1.56607e-02
46.001  1.67951e-02
46.026  1.77125e-02
46.051  1.83786e-02
46.076  1.87569e-02
46.101  1.88600e-02
46.126  1.87587e-02
46.151  1.84992e-02
46.176  1.80981e-02
46.201  1.75847e-02
46.226  1.69775e-02
46.251  1.62629e-02
46.276  1.54219e-02
46.301  1.44465e-02
46.326  1.33368e-02
46.351  1.21035e-02
46.376  1.07898e-02
46.401  9.47361e-03
46.426  8.23110e-03
46.451  7.12960e-03
46.476  6.22367e-03
46.501  5.52386e-03
46.526  4.99766e-03
46.551  4.59694e-03
46.576  4.27902e-03
46.601  4.01140e-03
46.626  3.76485e-03
46.651  3.53177e-03
46.676  3.34226e-03
46.701  3.21470e-03
46.726  3.12622e-03
46.751  3.04755e-03
46.776  2.94846e-03
46.801  2.80297e-03
46.826  2.61568e-03
46.851  2.40585e-03
46.876  2.19064e-03
46.901  1.98526e-03
46.926  1.78682e-03
46.951  1.58447e-03
46.976  1.37943e-03
47.001  1.15012e-03
47.026  8.46005e-04
47.051  4.40230e-04
47.076 -7.57443e-05
47.101 -7.25138e-04
47.126 -1.52452e-03
47.151 -2.46228e-03
47.176 -3.50484e-03
47.201 -4.61893e-03
47.226 -5.77907e-03
47.251 -6.94593e-03
47.276 -8.10325e-03
47.301 -9.27800e-03
47.326 -1.04602e-02
47.351 -1.15749e-02
47.376 -1.25284e-02
47.401 -1.32404e-02
47.426 -1.36542e-02
47.451 -1.37526e-02
47.476 -1.35663e-02
47.501 -1.31416e-02
47.526 -1.25112e-02
47.551 -1.17011e-02
47.576 -1.07520e-02
47.601 -9.72536e-03
47.626 -8.67515e-03
47.651 -7.62730e-03
47.676 -6.59297e-03
47.701 -5.57829e-03
47.726 -4.56802e-03
47.751 -3.52673e-03
47.776 -2.43501e-03
47.801 -1.29020e-03
47.826 -9.06826e-05
47.851  1.14491e-03
47.876  2.39673e-03
47.901  3.67374e-03
47.926  4.97400e-03
47.951  6.25637e-03
47.976  7.47692e-03
48.001  8.61724e-03
48.026  9.66669e-03
48.051  1.06147e-02
48.076  1.14757e-02
48.101  1.22835e-02
48.126  1.30513e-02
48.151  1.37622e-02
48.176  1.43856e-02
48.201  1.48901e-02
48.226  1.52639e-02
48.251  1.55224e-02
48.276  1.56961e-02
48.301  1.58170e-02
48.326  1.59141e-02
48.351  1.60088e-02
48.376  1.60984e-02
48.401  1.61552e-02
48.426  1.61508e-02
48.451  1.60650e-02
48.476  1.58863e-02
48.501  1.56173e-02
48.526  1.52796e-02
48.551  1.49081e-02
48.576  1.45307e-02
48.601  1.41617e-02
48.626  1.37992e-02
48.651  1.34281e-02
48.676  1.30371e-02
48.701  1.26119e-02
48.726  1.21291e-02
48.751  1.15750e-02
48.776  1.09443e-02
48.801  1.02402e-02
48.826  9.47646e-03
48.851  8.67037e-03
48.876  7.84549e-03
48.901  7.01941e-03
48.926  6.18484e-03
48.951  5.33276e-03
48.976  4.47179e-03
49.001  3.60165e-03
49.026  2.70798e-03
49.051  1.79247e-03
49.076  8.64510e-04
49.101 -8.09585e-05
49.126 -1.05413e-03
49.151 -2.05083e-03
49.176 -3.04466e-03
49.201 -4.01345e-03
49.226 -4.94316e-03
49.251 -5.80182e-03
49.276 -6.55828e-03
49.301 -7.20455e-03
49.326 -7.74746e-03
49.351 -8.19335e-03
49.376 -8.54106e-03
49.401 -8.79036e-03
49.426 -8.94830e-03
49.451 -9.03493e-03
49.476 -9.08321e-03
49.501 -9.11849e-03
49.526 -9.14470e-03
49.551 -9.16122e-03
49.576 -9.17749e-03
49.601 -9.21545e-03
49.626 -9.31298e-03
49.651 -9.51048e-03
49.676 -9.83066e-03
49.701 -1.02605e-02
49.726 -1.07480e-02
49.751 -1.12273e-02
49.776 -1.16384e-02
49.801 -1.19259e-02
49.826 -1.20356e-02
49.851 -1.19341e-02
49.876 -1.16315e-02
49.901 -1.11699e-02
49.926 -1.05928e-02
49.951 -9.92465e-03
49.976 -9.17790e-03
50.001 -8.36113e-03
50.026 -7.47623e-03
50.051 -6.52250e-03
50.076 -5.49715e-03
50.101 -4.39218e-03
50.126 -3.20547e-03
50.151 -1.95016e-03
50.176 -6.41251e-04
50.201  7.15700e-04
50.226  2.11956e-03
50.251  3.56926e-03
50.276  5.05966e-03
50.301  6.57552e-03
50.326  8.09015e-03
50.351  9.56793e-03
50.376  1.09555e-02
50.401  1.21936e-02
50.426  1.32542e-02
50.451  1.41356e-02
50.476  1.48319e-02
50.501  1.53437e-02
50.526  1.56895e-02
50.551  1.58807e-02
50.576  1.59145e-02
50.601  1.57819e-02
50.626  1.54727e-02
50.651  1.49953e-02
50.676  1.43741e-02
50.701  1.36331e-02
50.726  1.28045e-02
50.751  1.19298e-02
50.776  1.10408e-02
50.801  1.01503e-02
50.826  9.26838e-03
50.851  8.39712e-03
50.876  7.52090e-03
50.901  6.62982e-03
50.926  5.72228e-03
50.951  4.78311e-03
50.976  3.79413e-03
51.001  2.74887e-03
51.026  1.63969e-03
51.051  4.61882e-04
51.076 -7.76090e-04
51.101 -2.07498e-03
51.126 -3.43721e-03
51.151 -4.83728e-03
51.176 -6.23472e-03
51.201 -7.59074e-03
51.226 -8.86535e-03
51.251 -1.00165e-02
51.276 -1.10144e-02
51.301 -1.18564e-02
51.326 -1.25566e-02
51.351 -1.31215e-02
51.376 -1.35492e-02
51.401 -1.38394e-02
51.426 -1.39836e-02
51.451 -1.39753e-02
51.476 -1.38303e-02
51.501 -1.35733e-02
51.526 -1.32305e-02
51.551 -1.28286e-02
51.576 -1.23805e-02
51.601 -1.18807e-02
51.626 -1.13084e-02
51.651 -1.06538e-02
51.676 -9.93955e-03
51.701 -9.21462e-03
51.726 -8.53357e-03
51.751 -7.93070e-03
51.776 -7.43268e-03
51.801 -7.06982e-03
51.826 -6.84143e-03
51.851 -6.71712e-03
51.876 -6.66481e-03
51.901 -6.65414e-03
51.926 -6.66040e-03
51.951 -6.67216e-03
51.976 -6.68605e-03
52.001 -6.69224e-03
52.026 -6.67131e-03
52.051 -6.60373e-03
52.076 -6.46996e-03
52.101 -6.25094e-03
52.126 -5.93242e-03
52.151 -5.50263e-03
52.176 -4.96234e-03
52.201 -4.33487e-03
52.226 -3.66093e-03
52.251 -2.99636e-03
52.276 -2.40279e-03
52.301 -1.92804e-03
52.326 -1.59732e-03
52.351 -1.41156e-03
52.376 -1.35303e-03
52.401 -1.39914e-03
52.426 -1.52816e-03
52.451 -1.72128e-03
52.476 -1.96419e-03
52.501 -2.24274e-03
52.526 -2.53570e-03
52.551 -2.81918e-03
52.576 -3.09121e-03
52.601 -3.37262e-03
52.626 -3.68106e-03
52.651 -4.03321e-03
52.676 -4.44147e-03
52.701 -4.90683e-03
52.726 -5.43595e-03
52.751 -6.03063e-03
52.776 -6.68175e-03
52.801 -7.38025e-03
52.826 -8.11191e-03
52.851 -8.86910e-03
52.876 -9.65509e-03
52.901 -1.04673e-02
52.926 -1.12999e-02
52.951 -1.21533e-02
52.976 -1.30269e-02
53.001 -1.39078e-02
53.026 -1.47713e-02
53.051 -1.55986e-02
53.076 -1.63774e-02
53.101 -1.70837e-02
53.126 -1.76909e-02
53.151 -1.81790e-02
53.176 -1.85343e-02
53.201 -1.87638e-02
53.226 -1.88991e-02
53.251 -1.89857e-02
53.276 -1.90647e-02
53.301 -1.91662e-02
53.326 -1.93198e-02
53.351 -1.95461e-02
53.376 -1.98477e-02
53.401 -2.02269e-02
53.426 -2.06725e-02
53.451 -2.11445e-02
53.476 -2.16006e-02
53.501 -2.20081e-02
53.526 -2.23321e-02
53.551 -2.25330e-02
53.576 -2.25734e-02
53.601 -2.24208e-02
53.626 -2.20468e-02
53.651 -2.14380e-02
53.676 -2.06000e-02
53.701 -1.95518e-02
53.726 -1.83262e-02
53.751 -1.69592e-02
53.776 -1.54761e-02
53.801 -1.38912e-02
53.826 -1.22050e-02
53.851 -1.04077e-02
53.876 -8.48830e-03
53.901 -6.43479e-03
53.926 -4.23504e-03
53.951 -1.88926e-03
53.976  5.82281e-04
54.001  3.14052e-03
54.026  5.72352e-03
54.051  8.24692e-03
54.076  1.06240e-02
54.101  1.27781e-02
54.126  1.46475e-02
54.151  1.61932e-02
54.176  1.74032e-02
54.201  1.83047e-02
54.226  1.89616e-02
54.251  1.94453e-02
54.276  1.98217e-02
54.301  2.01439e-02
54.326  2.04390e-02
54.351  2.07165e-02
54.376  2.09802e-02
54.401  2.12302e-02
54.426  2.14719e-02
54.451  2.17237e-02
54.476  2.20053e-02
54.501  2.23223e-02
54.526  2.26737e-02
54.551  2.30514e-02
54.576  2.34323e-02
54.601  2.37934e-02
54.626  2.41180e-02
54.651  2.43930e-02
54.676  2.46120e-02
54.701  2.47724e-02
54.726  2.48724e-02
54.751  2.49166e-02
54.776  2.49164e-02
54.801  2.48816e-02
54.826  2.48173e-02
54.851  2.47267e-02
54.876  2.46047e-02
54.901  2.44361e-02
54.926  2.41991e-02
54.951  2.38609e-02
54.976  2.33793e-02
55.001  2.27167e-02
55.026  2.18550e-02
55.051  2.08045e-02
55.076  1.95954e-02
55.101  1.82645e-02
55.126  1.68531e-02
55.151  1.54079e-02
55.176  1.39774e-02
55.201  1.25960e-02
55.226  1.12728e-02
55.251  1.00036e-02
55.276  8.78230e-03
55.301  7.59244e-03
55.326  6.41773e-03
55.351  5.25036e-03
55.376  4.07815e-03
55.401  2.89720e-03
55.426  1.72337e-03
55.451  5.77655e-04
55.476 -5.21329e-04
55.501 -1.55848e-03
55.526 -2.52756e-03
55.551 -3.43131e-03
55.576 -4.28130e-03
55.601 -5.09674e-03
55.626 -5.88806e-03
55.651 -6.65041e-03
55.676 -7.37245e-03
55.701 -8.03169e-03
55.726 -8.59851e-03
55.751 -9.05937e-03
55.776 -9.42305e-03
55.801 -9.71170e-03
55.826 -9.95609e-03
55.851 -1.01926e-02
55.876 -1.04562e-02
55.901 -1.07707e-02
55.926 -1.11398e-02
55.951 -1.15443e-02
55.976 -1.19531e-02
56.001 -1.23304e-02
56.026 -1.26397e-02
56.051 -1.28583e-02
56.076 -1.29805e-02
56.101 -1.30190e-02
56.126 -1.30011e-02
56.151 -1.29472e-02
56.176 -1.28503e-02
56.201 -1.26839e-02
56.226 -1.24291e-02
56.251 -1.20839e-02
56.276 -1.16606e-02
56.301 -1.11881e-02
56.326 -1.07053e-02
56.351 -1.02465e-02
56.376 -9.83531e-03
56.401 -9.49651e-03
56.426 -9.25090e-03
56.451 -9.09236e-03
56.476 -8.99609e-03
56.501 -8.93771e-03
56.526 -8.89744e-03
56.551 -8.85945e-03
56.576 -8.81701e-03
56.601 -8.77841e-03
56.626 -8.75531e-03
56.651 -8.75562e-03
56.676 -8.78755e-03
56.701 -8.84763e-03
56.726 -8.91441e-03
56.751 -8.96371e-03
56.776 -8.98276e-03
56.801 -8.97057e-03
56.826 -8.92272e-03
56.851 -8.82116e-03
56.876 -8.64237e-03
56.901 -8.36467e-03
56.926 -7.97095e-03
56.951 -7.45379e-03
56.976 -6.81550e-03
57.001 -6.06151e-03
57.026 -5.20518e-03
57.051 -4.27720e-03
57.076 -3.31662e-03
57.101 -2.35300e-03
57.126 -1.39828e-03
57.151 -4.55372e-04
57.176  4.66620e-04
57.201  1.34427e-03
57.226  2.14225e-03
57.251  2.82510e-03
57.276  3.36445e-03
57.301  3.73843e-03
57.326  3.93655e-03
57.351  3.96592e-03
57.376  3.83964e-03
57.401  3.56134e-03
57.426  3.13038e-03
57.451  2.55340e-03
57.476  1.84926e-03
57.501  1.04911e-03
57.526  1.95442e-04
57.551 -6.61467e-04
57.576 -1.47378e-03
57.601 -2.20475e-03
57.626 -2.82198e-03
57.651 -3.28890e-03
57.676 -3.57472e-03
57.701 -3.65987e-03
57.726 -3.53314e-03
57.751 -3.19291e-03
57.776 -2.64536e-03
57.801 -1.90907e-03
57.826 -1.02125e-03
57.851 -3.36878e-05
57.876  1.00378e-03
57.901  2.05134e-03
57.926  3.06661e-03
57.951  4.00646e-03
57.976  4.83981e-03
58.001  5.55341e-03
58.026  6.15841e-03
58.051  6.68837e-03
58.076  7.18938e-03
58.101  7.71063e-03
58.126  8.29429e-03
58.151  8.96944e-03
58.176  9.75216e-03
58.201  1.06440e-02
58.226  1.16233e-02
58.251  1.26458e-02
58.276  1.36593e-02
58.301  1.46106e-02
58.326  1.54497e-02
58.351  1.61374e-02
58.376  1.66507e-02
58.401  1.69818e-02
58.426  1.71334e-02
58.451  1.71248e-02
58.476  1.69923e-02
58.501  1.67721e-02
58.526  1.64923e-02
58.551  1.61811e-02
58.576  1.58654e-02
58.601  1.55584e-02
58.626  1.52660e-02
58.651  1.49912e-02
58.676  1.47230e-02
58.701  1.44447e-02
58.726  1.41499e-02
58.751  1.38339e-02
58.776  1.34938e-02
58.801  1.31364e-02
58.826  1.27722e-02
58.851  1.24111e-02
58.876  1.20660e-02
58.901  1.17565e-02
58.926  1.15022e-02
58.951  1.13178e-02
58.976  1.12167e-02
59.001  1.12077e-02
59.026  1.12924e-02
59.051  1.14656e-02
59.076  1.17114e-02
59.101  1.20051e-02
59.126  1.23199e-02
59.151  1.26293e-02
59.176  1.29061e-02
59.201  1.31211e-02
59.226  1.32483e-02
59.251  1.32795e-02
59.276  1.32206e-02
59.301  1.30746e-02
59.326  1.28398e-02
59.351  1.25114e-02
59.376  1.20825e-02
59.401  1.15501e-02
59.426  1.09145e-02
59.451  1.01734e-02
59.476  9.32604e-03
59.501  8.37815e-03
59.526  7.33469e-03
59.551  6.19279e-03
59.576  4.95154e-03
59.601  3.62140e-03
59.626  2.21924e-03
59.651  7.70428e-04
59.676 -6.83746e-04
59.701 -2.09829e-03
59.726 -3.43430e-03
59.751 -4.65704e-03
59.776 -5.73787e-03
59.801 -6.65487e-03
59.826 -7.39511e-03
59.851 -7.95516e-03
59.876 -8.34221e-03
59.901 -8.57889e-03
59.926 -8.69348e-03
59.951 -8.70978e-03
59.976 -8.65433e-03
60.001 -8.56062e-03
60.026 -8.46415e-03
60.051 -8.39629e-03
60.076 -8.37675e-03
60.101 -8.41423e-03
60.126 -8.51528e-03
60.151 -8.68711e-03
60.176 -8.92988e-03
60.201 -9.23429e-03
60.226 -9.59351e-03
60.251 -1.00087e-02
60.276 -1.04842e-02
60.301 -1.10233e-02
60.326 -1.16225e-02
60.351 -1.22716e-02
60.376 -1.29515e-02
60.401 -1.36301e-02
60.426 -1.42711e-02
60.451 -1.48427e-02
60.476 -1.53156e-02
60.501 -1.56675e-02
60.526 -1.58888e-02
60.551 -1.59751e-02
60.576 -1.59206e-02
60.601 -1.57266e-02
60.626 -1.54098e-02
60.651 -1.49995e-02
60.676 -1.45281e-02
60.701 -1.40244e-02
60.726 -1.35061e-02
60.751 -1.29794e-02
60.776 -1.24421e-02
60.801 -1.18852e-02
60.826 -1.12957e-02
60.851 -1.06700e-02
60.876 -1.00217e-02
60.901 -9.36718e-03
60.926 -8.71681e-03
60.951 -8.08236e-03
60.976 -7.47665e-03
61.001 -6.91121e-03
61.026 -6.39516e-03
61.051 -5.92760e-03
61.076 -5.48997e-03
61.101 -5.04964e-03
61.126 -4.57432e-03
61.151 -4.04170e-03
61.176 -3.43482e-03
61.201 -2.73721e-03
61.226 -1.93764e-03
61.251 -1.03044e-03
61.276 -1.54013e-05
61.301  1.09221e-03
61.326  2.26607e-03
61.351  3.48511e-03
61.376  4.73315e-03
61.401  5.99510e-03
61.426  7.25805e-03
61.451  8.50797e-03
61.476  9.73011e-03
61.501  1.09080e-02
61.526  1.20194e-02
61.551  1.30429e-02
61.576  1.39659e-02
61.601  1.47786e-02
61.626  1.54729e-02
61.651  1.60427e-02
61.676  1.64834e-02
61.701  1.67986e-02
61.726  1.70026e-02
61.751  1.71112e-02
61.776  1.71379e-02
61.801  1.70889e-02
61.826  1.69518e-02
61.851  1.67004e-02
61.876  1.63131e-02
61.901  1.57818e-02
61.926  1.51105e-02
61.951  1.43181e-02
61.976  1.34353e-02
62.001  1.24924e-02
62.026  1.15111e-02
62.051  1.05106e-02
62.076  9.51418e-03
62.101  8.54550e-03
62.126  7.62550e-03
62.151  6.77020e-03
62.176  5.99077e-03
62.201  5.29632e-03
62.226  4.69471e-03
62.251  4.19606e-03
62.277  3.81418e-03
62.302  3.55748e-03
62.327  3.42039e-03
62.352  3.38531e-03
62.377  3.42906e-03
62.402  3.52055e-03
62.427  3.61934e-03
62.452  3.68738e-03
62.477  3.69962e-03
62.502  3.64547e-03
62.527  3.52655e-03
62.552  3.35809e-03
62.577  3.16739e-03
62.602  2.97989e-03
62.627  2.81273e-03
62.652  2.67895e-03
62.677  2.58390e-03
62.702  2.52315e-03
62.727  2.48854e-03
62.752  2.47007e-03
62.777  2.45699e-03
62.802  2.44213e-03
62.827  2.42017e-03
62.852  2.38523e-03
62.877  2.33457e-03
62.902  2.27076e-03
62.927  2.19294e-03
62.952  2.08570e-03
62.977  1.92963e-03
63.002  1.71568e-03
63.027  1.43816e-03
63.052  1.09104e-03
63.077  6.74706e-04
63.102  1.95459e-04
63.127 -3.41068e-04
63.152 -9.31866e-04
63.177 -1.57391e-03
63.202 -2.26554e-03
63.227 -3.00460e-03
63.252 -3.78467e-03
63.277 -4.60148e-03
63.302 -5.45638e-03
63.327 -6.34736e-03
63.352 -7.26155e-03
63.377 -8.17939e-03
63.402 -9.08283e-03
63.427 -9.95716e-03
63.452 -1.07862e-02
63.477 -1.15529e-02
63.502 -1.22480e-02
63.527 -1.28686e-02
63.552 -1.34122e-02
63.577 -1.38749e-02
63.602 -1.42516e-02
63.627 -1.45392e-02
63.652 -1.47410e-02
63.677 -1.48663e-02
63.702 -1.49232e-02
63.727 -1.49116e-02
63.752 -1.48241e-02
63.777 -1.46539e-02
63.802 -1.43980e-02
63.827 -1.40588e-02
63.852 -1.36472e-02
63.877 -1.31829e-02
63.902 -1.26873e-02
63.927 -1.21808e-02
63.952 -1.16803e-02
63.977 -1.11943e-02
64.002 -1.07208e-02
64.027 -1.02519e-02
64.052 -9.77726e-03
64.077 -9.28127e-03
64.102 -8.74899e-03
64.127 -8.17899e-03
64.152 -7.58557e-03
64.177 -6.98950e-03
64.202 -6.40813e-03
64.227 -5.84813e-03
64.252 -5.30222e-03
64.277 -4.75640e-03
64.302 -4.20296e-03
64.327 -3.64455e-03
64.352 -3.08750e-03
64.377 -2.53798e-03
64.402 -2.00245e-03
64.427 -1.48137e-03
64.452 -9.64066e-04
64.477 -4.29477e-04
64.502  1.49476e-04
64.527  7.94414e-04
64.552  1.51366e-03
64.577  2.30280e-03
64.602  3.14676e-03
64.627  4.02059e-03
64.652  4.89420e-03
64.677  5.74399e-03
64.702  6.55599e-03
64.727  7.31997e-03
64.752  8.03098e-03
64.777  8.69084e-03
64.802  9.30168e-03
64.827  9.86496e-03
64.852  1.03844e-02
64.877  1.08617e-02
64.902  1.12914e-02
64.927  1.16608e-02
64.952  1.19533e-02
64.977  1.21546e-02
65.002  1.22562e-02
65.027  1.22570e-02
65.052  1.21619e-02
65.077  1.19731e-02
65.102  1.16850e-02
65.127  1.12882e-02
65.152  1.07728e-02
65.177  1.01315e-02
65.202  9.36480e-03
65.227  8.48774e-03
65.252  7.52793e-03
65.277  6.52200e-03
65.302  5.51110e-03
65.327  4.53138e-03
65.352  3.60806e-03
65.377  2.75584e-03
65.402  1.98058e-03
65.427  1.28517e-03
65.452  6.73909e-04
65.477  1.49025e-04
65.502 -2.94102e-04
65.527 -6.67464e-04
65.552 -9.85890e-04
65.577 -1.26394e-03
65.602 -1.51800e-03
65.627 -1.76468e-03
65.652 -2.01643e-03
65.677 -2.28315e-03
65.702 -2.57142e-03
65.727 -2.87829e-03
65.752 -3.19175e-03
65.777 -3.49505e-03
65.802 -3.77135e-03
65.827 -4.01112e-03
65.852 -4.21411e-03
65.877 -4.38481e-03
65.902 -4.52868e-03
65.927 -4.65241e-03
65.952 -4.76254e-03
65.977 -4.85896e-03
66.002 -4.93834e-03
66.027 -5.00543e-03
66.052 -5.07163e-03
66.077 -5.14776e-03
66.102 -5.24425e-03
66.127 -5.36891e-03
66.152 -5.51994e-03
66.177 -5.68748e-03
66.202 -5.86141e-03
66.227 -6.03364e-03
66.252 -6.19989e-03
66.277 -6.36371e-03
66.302 -6.53315e-03
66.327 -6.71344e-03
66.352 -6.90244e-03
66.377 -7.09029e-03
66.402 -7.26210e-03
66.427 -7.39816e-03
66.452 -7.47490e-03
66.477 -7.47067e-03
66.502 -7.36902e-03
66.527 -7.15816e-03
66.552 -6.83013e-03
66.577 -6.37927e-03
66.602 -5.80525e-03
66.627 -5.12192e-03
66.652 -4.35599e-03
66.677 -3.53576e-03
66.702 -2.68535e-03
66.727 -1.82347e-03
66.752 -9.63214e-04
66.777 -1.14282e-04
66.802  7.16156e-04
66.827  1.51922e-03
66.852  2.27905e-03
66.877  2.97539e-03
66.902  3.58849e-03
66.927  4.10192e-03
66.952  4.50294e-03
66.977  4.78257e-03
67.002  4.93612e-03
67.027  4.95871e-03
67.052  4.84218e-03
67.077  4.58201e-03
67.102  4.18111e-03
67.127  3.64678e-03
67.152  2.99414e-03
67.177  2.24804e-03
67.202  1.43429e-03
67.227  5.76279e-04
67.252 -2.99490e-04
67.277 -1.16455e-03
67.302 -1.99483e-03
67.327 -2.77147e-03
67.352 -3.47765e-03
67.377 -4.09623e-03
67.402 -4.61038e-03
67.427 -5.00416e-03
67.452 -5.26287e-03
67.477 -5.37986e-03
67.502 -5.36305e-03
67.527 -5.23312e-03
67.552 -5.01811e-03
67.577 -4.74841e-03
67.602 -4.45294e-03
67.627 -4.15537e-03
67.652 -3.87150e-03
67.677 -3.61014e-03
67.702 -3.37565e-03
67.727 -3.17336e-03
67.752 -3.01586e-03
67.777 -2.92252e-03
67.802 -2.91403e-03
67.827 -3.00619e-03
67.852 -3.20263e-03
67.877 -3.49160e-03
67.902 -3.84935e-03
67.927 -4.24475e-03
67.952 -4.64458e-03
67.977 -5.02041e-03
68.002 -5.35098e-03
68.027 -5.62288e-03
68.052 -5.83235e-03
68.077 -5.98318e-03
68.102 -6.08421e-03
68.127 -6.14353e-03
68.152 -6.16059e-03
68.177 -6.12672e-03
68.202 -6.02878e-03
68.227 -5.85543e-03
68.252 -5.60707e-03
68.277 -5.29487e-03
68.302 -4.93249e-03
68.327 -4.53496e-03
68.352 -4.11921e-03
68.377 -3.69825e-03
68.402 -3.27680e-03
68.427 -2.85737e-03
68.452 -2.44888e-03
68.477 -2.06500e-03
68.502 -1.71908e-03
68.527 -1.42193e-03
68.552 -1.17733e-03
68.577 -9.82212e-04
68.602 -8.33032e-04
68.627 -7.28514e-04
68.652 -6.68728e-04
68.677 -6.50868e-04
68.702 -6.65367e-04
68.727 -6.97958e-04
68.752 -7.31826e-04
68.777 -7.48270e-04
68.802 -7.30024e-04
68.827 -6.63348e-04
68.852 -5.36580e-04
68.877 -3.38365e-04
68.902 -5.79213e-05
68.927  3.11070e-04
68.952  7.65840e-04
68.977  1.29267e-03
69.002  1.86866e-03
69.027  2.46653e-03
69.052  3.05981e-03
69.077  3.62881e-03
69.102  4.16290e-03
69.127  4.65397e-03
69.152  5.09315e-03
69.177  5.47390e-03
69.202  5.79397e-03
69.227  6.05667e-03
69.252  6.27044e-03
69.277  6.44568e-03
69.302  6.59255e-03
69.327  6.71949e-03
69.352  6.83212e-03
69.377  6.93202e-03
69.402  7.01483e-03
69.427  7.07316e-03
69.452  7.10169e-03
69.477  7.09845e-03
69.502  7.06346e-03
69.527  6.99721e-03
69.552  6.89974e-03
69.577  6.77019e-03
69.602  6.60958e-03
69.627  6.42175e-03
69.652  6.21030e-03
69.677  5.97938e-03
69.702  5.73590e-03
69.727  5.48695e-03
69.752  5.23815e-03
69.777  4.99682e-03
69.802  4.77394e-03
69.827  4.58087e-03
69.852  4.42581e-03
69.877  4.31581e-03
69.902  4.25666e-03
69.927  4.24802e-03
69.952  4.28362e-03
69.977  4.35436e-03
70.002  4.44860e-03
70.027  4.55294e-03
70.052  4.65370e-03
70.077  4.73827e-03
70.102  4.79824e-03
70.127  4.83114e-03
70.152  4.83590e-03
70.177  4.80939e-03
70.202  4.74874e-03
70.227  4.65275e-03
70.252  4.52136e-03
70.277  4.35404e-03
70.302  4.14942e-03
70.327  3.90901e-03
70.352  3.63931e-03
70.377  3.34869e-03
70.402  3.04602e-03
70.427  2.74351e-03
70.452  2.45474e-03
70.477  2.19010e-03
70.502  1.95728e-03
70.527  1.76195e-03
70.552  1.60379e-03
70.577  1.47725e-03
70.602  1.37895e-03
70.627  1.30765e-03
70.652  1.25982e-03
70.677  1.23284e-03
70.702  1.22787e-03
70.727  1.24664e-03
70.752  1.29023e-03
70.777  1.36200e-03
70.802  1.46860e-03
70.827  1.61554e-03
70.852  1.80243e-03
70.877  2.02294e-03
70.902  2.26396e-03
70.927  2.50362e-03
70.952  2.71499e-03
70.977  2.87282e-03
71.002  2.95887e-03
71.027  2.96766e-03
71.052  2.90923e-03
71.077  2.80524e-03
71.102  2.68467e-03
71.127  2.57833e-03
71.152  2.50880e-03
71.177  2.48442e-03
71.202  2.50225e-03
71.227  2.55297e-03
71.252  2.62426e-03
71.277  2.70363e-03
71.302  2.78179e-03
71.327  2.85286e-03
71.352  2.91006e-03
71.377  2.94359e-03
71.402  2.94174e-03
71.427  2.89360e-03
71.452  2.79121e-03
71.477  2.62989e-03
71.502  2.40868e-03
71.527  2.13016e-03
71.552  1.80014e-03
71.577  1.42927e-03
71.602  1.03233e-03
71.627  6.25299e-04
71.652  2.25195e-04
71.677 -1.49882e-04
71.702 -4.83693e-04
71.727 -7.64543e-04
71.752 -9.86254e-04
71.777 -1.14777e-03
71.802 -1.25266e-03
71.827 -1.31059e-03
71.852 -1.33754e-03
71.877 -1.35472e-03
71.902 -1.38846e-03
71.927 -1.46433e-03
71.952 -1.59890e-03
71.977 -1.80124e-03
72.002 -2.07705e-03
72.027 -2.42603e-03
72.052 -2.83977e-03
72.077 -3.30524e-03
72.102 -3.80941e-03
72.127 -4.33938e-03
72.152 -4.88062e-03
72.177 -5.41776e-03
72.202 -5.93465e-03
72.227 -6.41267e-03
72.252 -6.83289e-03
72.277 -7.18005e-03
72.302 -7.44555e-03
72.327 -7.62878e-03
72.352 -7.73615e-03
72.377 -7.78120e-03
72.402 -7.78160e-03
72.427 -7.75564e-03
72.452 -7.72343e-03
72.477 -7.70522e-03
72.502 -7.71863e-03
72.527 -7.77923e-03
72.552 -7.89988e-03
72.577 -8.08651e-03
72.602 -8.33610e-03
72.627 -8.63816e-03
72.652 -8.97583e-03
72.677 -9.32691e-03
72.702 -9.66567e-03
72.727 -9.96724e-03
72.752 -1.02142e-02
72.777 -1.03990e-02
72.802 -1.05212e-02
72.827 -1.05859e-02
72.852 -1.06035e-02
72.877 -1.05883e-02
72.902 -1.05564e-02
72.927 -1.05221e-02
72.952 -1.04918e-02
72.977 -1.04642e-02
73.002 -1.04324e-02
73.027 -1.03831e-02
73.052 -1.03031e-02
73.077 -1.01826e-02
73.102 -1.00135e-02
73.127 -9.79252e-03
73.152 -9.52265e-03
73.177 -9.20845e-03
73.202 -8.85279e-03
73.227 -8.46035e-03
73.252 -8.04093e-03
73.277 -7.60542e-03
73.302 -7.16060e-03
73.327 -6.70900e-03
73.352 -6.24914e-03
73.377 -5.77517e-03
73.402 -5.27905e-03
73.427 -4.75356e-03
73.452 -4.19508e-03
73.477 -3.60445e-03
73.502 -2.98504e-03
73.527 -2.34234e-03
73.552 -1.68458e-03
73.577 -1.02129e-03
73.602 -3.63009e-04
73.627  2.77264e-04
73.652  8.84076e-04
73.677  1.44168e-03
73.702  1.93923e-03
73.727  2.37511e-03
73.752  2.75595e-03
73.777  3.09379e-03
73.802  3.40179e-03
73.827  3.68926e-03
73.852  3.96225e-03
73.877  4.22706e-03
73.902  4.48990e-03
73.927  4.75623e-03
73.952  5.03286e-03
73.977  5.32863e-03
74.002  5.65106e-03
74.027  6.00289e-03
74.052  6.37973e-03
74.077  6.76797e-03
74.102  7.14643e-03
74.127  7.49255e-03
74.152  7.78774e-03
74.177  8.01955e-03
74.202  8.18283e-03
74.227  8.28114e-03
74.252  8.32575e-03
74.277  8.33236e-03
74.302  8.31728e-03
74.327  8.29284e-03
74.352  8.26553e-03
74.377  8.23668e-03
74.402  8.20299e-03
74.427  8.15868e-03
74.452  8.09775e-03
74.477  8.01477e-03
74.502  7.90609e-03
74.527  7.77253e-03
74.552  7.62047e-03
74.577  7.45976e-03
74.602  7.30116e-03
74.627  7.15494e-03
74.652  7.03119e-03
74.677  6.94072e-03
74.702  6.89535e-03
74.727  6.90598e-03
74.752  6.97735e-03
74.777  7.10439e-03
74.802  7.27359e-03
74.827  7.46465e-03
74.852  7.65353e-03
74.877  7.81805e-03
74.902  7.94219e-03
74.927  8.01581e-03
74.952  8.02960e-03
74.977  7.97172e-03
75.002  7.83076e-03
75.027  7.59918e-03
75.052  7.27369e-03
75.077  6.85718e-03
75.102  6.36069e-03
75.127  5.80151e-03
75.152  5.19904e-03
75.177  4.56961e-03
75.202  3.92452e-03
75.227  3.27167e-03
75.252  2.61691e-03
75.277  1.96559e-03
75.302  1.32292e-03
75.327  6.95581e-04
75.352  9.42455e-05
75.377 -4.68154e-04
75.402 -9.80049e-04
75.427 -1.43391e-03
75.452 -1.82583e-03
75.477 -2.15394e-03
75.502 -2.42039e-03
75.527 -2.63218e-03
75.552 -2.79859e-03
75.577 -2.92821e-03
75.602 -3.02693e-03
75.627 -3.09775e-03
75.652 -3.14251e-03
75.677 -3.16315e-03
75.702 -3.16093e-03
75.727 -3.13609e-03
75.752 -3.08726e-03
75.777 -3.01302e-03
75.802 -2.91663e-03
75.827 -2.80777e-03
75.852 -2.70058e-03
75.877 -2.61121e-03
75.902 -2.55567e-03
75.927 -2.54889e-03
75.952 -2.60279e-03
75.977 -2.72320e-03
76.002 -2.90897e-03
76.027 -3.15464e-03
76.052 -3.45416e-03
76.077 -3.80247e-03
76.102 -4.19461e-03
76.127 -4.62591e-03
76.152 -5.09264e-03
76.177 -5.59045e-03
76.202 -6.11351e-03
76.227 -6.65416e-03
76.252 -7.20109e-03
76.277 -7.74003e-03
76.302 -8.25545e-03
76.327 -8.73170e-03
76.352 -9.15582e-03
76.377 -9.51943e-03
76.402 -9.81812e-03
76.427 -1.00514e-02
76.452 -1.02221e-02
76.477 -1.03347e-02
76.502 -1.03957e-02
76.527 -1.04121e-02
76.552 -1.03901e-02
76.577 -1.03349e-02
76.602 -1.02483e-02
76.627 -1.01290e-02
76.652 -9.97475e-03
76.677 -9.78338e-03
76.702 -9.55341e-03
76.727 -9.28386e-03
76.752 -8.97420e-03
76.777 -8.62509e-03
76.802 -8.23686e-03
76.827 -7.80884e-03
76.852 -7.34072e-03
76.877 -6.83229e-03
76.902 -6.28220e-03
76.927 -5.68766e-03
76.952 -5.04528e-03
76.977 -4.35287e-03
77.002 -3.61057e-03
77.027 -2.82010e-03
77.052 -1.98465e-03
77.077 -1.11074e-03
77.102 -2.07635e-04
77.127  7.13669e-04
77.152  1.64072e-03
77.177  2.56242e-03
77.202  3.47041e-03
77.227  4.35802e-03
77.252  5.22151e-03
77.277  6.06035e-03
77.302  6.87432e-03
77.327  7.66160e-03
77.352  8.41941e-03
77.377  9.14529e-03
77.402  9.83602e-03
77.427  1.04857e-02
77.452  1.10865e-02
77.477  1.16307e-02
77.502  1.21103e-02
77.527  1.25199e-02
77.552  1.28583e-02
77.577  1.31283e-02
77.602  1.33386e-02
77.627  1.35019e-02
77.652  1.36321e-02
77.677  1.37407e-02
77.702  1.38351e-02
77.727  1.39185e-02
77.752  1.39904e-02
77.777  1.40476e-02
77.802  1.40862e-02
77.827  1.41019e-02
77.852  1.40914e-02
77.877  1.40512e-02
77.902  1.39776e-02
77.927  1.38654e-02
77.952  1.37081e-02
77.977  1.34987e-02
78.002  1.32296e-02
78.027  1.28934e-02
78.052  1.24836e-02
78.077  1.19963e-02
78.102  1.14313e-02
78.127  1.07925e-02
78.152  1.00861e-02
78.177  9.31705e-03
78.202  8.48761e-03
78.227  7.60090e-03
78.252  6.66113e-03
78.277  5.67388e-03
78.302  4.64879e-03
78.327  3.60036e-03
78.352  2.54662e-03
78.377  1.50715e-03
78.402  5.00790e-04
78.427 -4.56387e-04
78.452 -1.35216e-03
78.477 -2.17779e-03
78.502 -2.92638e-03
78.527 -3.59209e-03
78.552 -4.17076e-03
78.577 -4.65927e-03
78.602 -5.05583e-03
78.627 -5.36316e-03
78.652 -5.58978e-03
78.677 -5.74878e-03
78.702 -5.85667e-03
78.728 -5.93150e-03
78.753 -5.98948e-03
78.778 -6.04253e-03
78.803 -6.09850e-03
78.828 -6.16243e-03
78.853 -6.23787e-03
78.878 -6.32959e-03
78.903 -6.44505e-03
78.928 -6.59386e-03
78.953 -6.78765e-03
78.978 -7.03810e-03
79.003 -7.35274e-03
79.028 -7.73274e-03
79.053 -8.17343e-03
79.078 -8.66394e-03
79.103 -9.18848e-03
79.128 -9.73121e-03
79.153 -1.02789e-02
79.178 -1.08206e-02
79.203 -1.13462e-02
79.228 -1.18439e-02
79.253 -1.22993e-02
79.278 -1.26968e-02
79.303 -1.30218e-02
79.328 -1.32599e-02
79.353 -1.33999e-02
79.378 -1.34375e-02
79.403 -1.33755e-02
79.428 -1.32226e-02
79.453 -1.29902e-02
79.478 -1.26879e-02
79.503 -1.23233e-02
79.528 -1.19019e-02
79.553 -1.14297e-02
79.578 -1.09124e-02
79.603 -1.03535e-02
79.628 -9.75594e-03
79.653 -9.12243e-03
79.678 -8.45438e-03
79.703 -7.75348e-03
79.728 -7.02276e-03
79.753 -6.26596e-03
79.778 -5.48793e-03
79.803 -4.69583e-03
79.828 -3.89934e-03
79.853 -3.10998e-03
79.878 -2.33949e-03
79.903 -1.59846e-03
79.928 -8.96452e-04
79.953 -2.41698e-04
79.978  3.59452e-04
80.003  9.02550e-04
