0	1	120	
-222721.14	-10555623.73	100.00	
-235486.33	-10531460.62	100.00	
-242077.71	-10519561.13	100.00	
-261104.28	-10501285.38	100.00	
-195911.46	-10538284.15	100.00	
-254474.47	-10535379.59	100.00	
-208854.49	-10522878.11	100.00	
-219242.43	-10537739.94	100.00	
-232748.36	-10549940.65	100.00	
-233643.69	-10556191.89	100.00	
-235662.58	-10560303.54	100.00	
-228933.45	-10544611.51	100.00	
-214097.49	-10547142.96	100.00	
-210996.16	-10551112.56	100.00	
-199194.38	-10547640.04	100.00	
-214693.18	-10537378.23	100.00	
-217038.74	-10548783.29	100.00	
-269549.00	-10490980.59	100.00	
-258761.69	-10483886.45	100.00	
-205411.41	-10578338.39	100.00	
-203556.15	-10571979.93	100.00	
-204746.69	-10554856.38	100.00	
-236972.92	-10582952.78	100.00	
-224802.80	-10609682.68	100.00	
-219922.82	-10588529.93	100.00	
-235637.26	-10590116.59	100.00	
-206028.67	-10573165.91	100.00	
-225406.36	-10585023.30	100.00	
-217236.92	-10569083.57	100.00	
-222078.74	-10596318.28	100.00	
-222320.84	-10593445.88	100.00	
-227700.33	-10609255.34	100.00	
-219173.14	-10611408.39	100.00	
-231023.25	-10592593.14	100.00	
-217122.53	-10573759.24	100.00	
-218223.23	-10603796.41	100.00	
-213344.77	-10593260.62	100.00	
-229564.69	-10565436.72	100.00	
-216888.76	-10601694.81	100.00	
-270931.68	-10549429.57	100.00	
-257389.23	-10559913.81	100.00	
-278546.93	-10490145.79	100.00	
-280045.75	-10528930.42	100.00	
-281053.16	-10521566.07	100.00	
-251941.91	-10547302.99	100.00	
-261207.57	-10563068.20	100.00	
-262421.58	-10542509.77	100.00	
-246355.95	-10561451.55	100.00	
-279758.84	-10502106.87	100.00	
-251594.41	-10589647.89	100.00	
-231637.98	-10603295.87	100.00	
-272754.05	-10587619.89	100.00	
-243573.53	-10592211.54	100.00	
-242129.89	-10609918.17	100.00	
-254260.06	-10601326.40	100.00	
-237328.31	-10602276.24	100.00	
-240261.42	-10578388.94	100.00	
-247225.88	-10573038.32	100.00	
-239538.42	-10587383.51	100.00	
-255644.85	-10607713.43	100.00	
-238587.28	-10600587.52	100.00	
-232423.69	-10608683.16	100.00	
144514.42	99840.70	100.00	
11577.24	123872.98	100.00	
68571.94	86816.75	100.00	
110544.99	30223.38	100.00	
165986.27	86731.54	100.00	
103022.41	78678.53	100.00	
51871.58	100901.28	100.00	
123443.36	91949.69	100.00	
33230.68	88990.82	100.00	
123014.65	56715.63	100.00	
124444.98	36971.42	100.00	
81392.53	28987.80	100.00	
3123.72	107122.49	100.00	
89588.95	6771.51	100.00	
112775.35	45308.69	100.00	
120764.83	48129.76	100.00	
36625.96	100416.04	100.00	
103930.33	93005.50	100.00	
101331.55	19980.54	100.00	
112387.53	30407.95	100.00	
138173.18	54533.86	100.00	
92740.74	38670.68	100.00	
173355.86	8975.87	100.00	
59962.20	20518.55	100.00	
63989.31	99324.13	100.00	
89576.61	28418.28	100.00	
52672.64	112611.37	100.00	
47640.61	69031.45	100.00	
170023.57	32994.91	100.00	
99436.92	66665.74	100.00	
174084.47	73362.44	100.00	
153268.92	63302.22	100.00	
115006.03	24057.60	100.00	
60275.09	76506.66	100.00	
11235.50	72269.92	100.00	
39574.03	46833.48	100.00	
72063.71	65814.42	100.00	
83356.02	47473.30	100.00	
136172.29	52703.89	100.00	
86499.68	58974.07	100.00	
100140.56	4574.66	100.00	
27220.29	77138.81	100.00	
91522.56	49083.02	100.00	
32234.35	76762.28	100.00	
107040.46	121997.32	100.00	
34673.33	106153.43	100.00	
30055.05	21193.46	100.00	
119051.34	29310.02	100.00	
11423.46	8775.89	100.00	
137088.43	23625.59	100.00	
44876.14	26779.07	100.00	
86336.73	18651.56	100.00	
16697.66	100640.20	100.00	
78219.90	99558.46	100.00	
106131.62	36478.33	100.00	
78854.69	51216.76	100.00	
143619.24	34245.65	100.00	
99720.46	31166.05	100.00	