
-90.448780 38.532850 0.000000 130.000000
-90.448780 38.532850 3.000000 130.000000
-90.448780 38.532850 3.000000 175.000000
-90.448780 38.532850 16.000000 175.000000
-90.188515 38.638890 0.000000 150.000000
-90.188515 38.638890 1.000000 150.000000
-90.188515 38.638890 1.000000 230.000000
-90.188515 38.638890 14.000000 230.000000
-90.501840 38.646490 0.000000 180.000000
-90.501840 38.646490 1.000000 180.000000
-90.501840 38.646490 1.000000 260.000000
-90.501840 38.646490 8.000000 260.000000
-90.642715 38.759240 0.000000 250.000000
-90.642715 38.759240 3.500000 250.000000
-90.642715 38.759240 3.500000 570.000000
-90.642715 38.759240 15.000000 570.000000
-90.642715 38.759240 0.000000 250.000000
-90.642715 38.759240 3.500000 250.000000
-90.642715 38.759240 3.500000 570.000000
-90.642715 38.759240 15.000000 570.000000
-90.510000 38.778880 0.000000 165.000000
-90.510000 38.778880 3.000000 165.000000
-90.510000 38.778880 3.000000 640.000000
-90.510000 38.778880 11.000000 640.000000
-90.852970 38.814285 0.000000 135.000000
-90.852970 38.814285 1.000000 135.000000
-90.852970 38.814285 1.000000 205.000000
-90.852970 38.814285 3.000000 205.000000
-90.852970 38.814285 3.000000 255.000000
-90.852970 38.814285 10.000000 255.000000
-90.207655 38.646885 0.000000 150.000000
-90.207655 38.646885 1.000000 150.000000
-90.207655 38.646885 1.000000 195.000000
-90.207655 38.646885 9.000000 195.000000
-90.229145 38.635885 0.000000 220.000000
-90.229145 38.635885 2.500000 220.000000
-90.229145 38.635885 2.500000 360.000000
-90.229145 38.635885 3.500000 360.000000
-90.229145 38.635885 3.500000 180.000000
-90.229145 38.635885 10.000000 180.000000
-90.380000 38.416830 0.000000 95.000000
-90.380000 38.416830 0.500000 95.000000
-90.380000 38.416830 0.500000 140.000000
-90.380000 38.416830 12.000000 140.000000
-90.380000 38.416830 12.000000 292.000000
-90.380000 38.416830 48.000000 292.000000
-90.187675 38.622267 1.260500 206.798266
-90.187675 38.622267 2.351380 182.516374
-90.187675 38.622267 3.715055 204.679906
-90.187675 38.622267 5.419649 235.408013
-90.187675 38.622267 7.550353 204.867053
-90.187675 38.622267 10.213696 183.154625
-90.187675 38.622267 13.542874 245.889170
-90.187675 38.622267 17.704308 320.065908
-90.187675 38.622267 22.518319 341.272978
-90.190530 38.626280 0.998525 319.705939
-90.190530 38.626280 1.862633 263.228328
-90.190530 38.626280 2.942844 157.138421
-90.190530 38.626280 4.293108 358.417368
-90.190530 38.626280 5.980938 416.494265
-90.190530 38.626280 8.090764 381.388315
-90.190530 38.626280 10.728046 549.426079
-90.190530 38.626280 14.024610 683.636530
-90.190530 38.626280 17.837963 797.683241
-90.201605 38.628790 0.790499 196.033644
-90.201605 38.628790 1.474622 203.375362
-90.201605 38.628790 2.329739 195.569738
-90.201605 38.628790 3.398520 165.471043
-90.201605 38.628790 4.734458 143.204184
-90.201605 38.628790 6.404458 207.502963
-90.201605 38.628790 8.492033 269.826638
-90.201605 38.628790 11.101426 318.247776
-90.201605 38.628790 14.119860 374.416320
-90.211485 38.631590 1.298143 172.422922
-90.211485 38.631590 2.421484 127.896214
-90.211485 38.631590 3.825697 129.697277
-90.211485 38.631590 5.581040 213.785501
-90.211485 38.631590 7.775143 188.424922
-90.211485 38.631590 10.517734 184.173266
-90.211485 38.631590 13.945972 276.683419
-90.211485 38.631590 18.231307 325.293838
-90.211485 38.631590 23.188574 357.257299
-90.271720 38.631200 1.246175 268.224305
-90.271720 38.631200 2.324557 273.501612
-90.271720 38.631200 3.672383 119.988787
-90.271720 38.631200 5.357165 182.160977
-90.271720 38.631200 7.463180 302.222611
-90.271720 38.631200 10.095738 360.757927
-90.271720 38.631200 13.386511 406.429769
-90.271720 38.631200 17.499940 500.161865
-90.271720 38.631200 22.258325 588.209136
-90.245930 38.635555 0.990600 154.725624
-90.245930 38.635555 1.847850 116.615261
-90.245930 38.635555 2.919527 152.291796
-90.245930 38.635555 4.259123 209.040070
-90.245930 38.635555 5.933542 163.470336
-90.245930 38.635555 8.026603 204.524458
-90.245930 38.635555 10.643006 298.687541
-90.245930 38.635555 13.913510 342.248642
-90.245930 38.635555 17.696688 404.162971
-90.221450 38.667525 1.672133 161.702496
-90.221450 38.667525 3.119171 123.652178
-90.221450 38.667525 4.928006 133.367069
-90.221450 38.667525 7.189165 203.107747
-90.221450 38.667525 10.015576 199.030133
-90.221450 38.667525 13.548512 200.854666
-90.221450 38.667525 17.964760 272.750280
-90.221450 38.667525 23.485145 332.862326
-90.221450 38.667525 29.871010 352.141231
-90.220625 38.677900 1.112977 160.117536
-90.220625 38.677900 2.076145 154.578710
-90.220625 38.677900 3.280105 131.651350
-90.220625 38.677900 4.785055 151.796496
-90.220625 38.677900 6.666281 163.474908
-90.220625 38.677900 9.017813 197.326910
-90.220625 38.677900 11.957152 233.828539
-90.220625 38.677900 15.631363 233.212538
-90.220625 38.677900 19.881647 260.860946
-90.244580 38.705855 1.260500 206.798266
-90.244580 38.705855 2.351380 182.516374
-90.244580 38.705855 3.715055 204.679906
-90.244580 38.705855 5.419649 235.408013
-90.244580 38.705855 7.550353 204.867053
-90.244580 38.705855 10.213696 183.154625
-90.244580 38.705855 13.542874 245.889170
-90.244580 38.705855 17.704308 320.065908
-90.244580 38.705855 22.518319 341.272978
-90.228890 38.741165 1.371905 126.399646
-90.228890 38.741165 2.559101 140.478662
-90.228890 38.741165 4.043172 120.873317
-90.228890 38.741165 5.898185 156.907382
-90.228890 38.741165 8.216951 146.014440
-90.228890 38.741165 11.115446 137.718089
-90.228890 38.741165 14.738604 187.887864
-90.228890 38.741165 19.267627 208.582260
-90.228890 38.741165 24.506682 180.839974
-90.215400 38.702570 1.364590 124.034702
-90.215400 38.702570 2.545385 130.215132
-90.215400 38.702570 4.021379 135.609482
-90.215400 38.702570 5.866486 99.586390
-90.215400 38.702570 8.172755 180.494940
-90.215400 38.702570 11.055553 219.460877
-90.215400 38.702570 14.659051 260.788099
-90.215400 38.702570 19.163386 305.047498
-90.215400 38.702570 24.373942 295.682822
-90.211000 38.593085 1.404214 246.559730
-90.211000 38.593085 2.619451 250.821139
-90.211000 38.593085 4.138422 103.592071
-90.211000 38.593085 6.037174 213.114636
-90.211000 38.593085 8.410651 307.661158
-90.211000 38.593085 11.377422 386.882335
-90.211000 38.593085 15.085924 465.823706
-90.211000 38.593085 19.721627 545.884303
-90.211000 38.593085 25.084126 571.580772
-90.220875 38.597430 1.181862 224.963736
-90.220875 38.597430 2.204618 168.918331
-90.220875 38.597430 3.483102 317.237669
-90.220875 38.597430 5.081321 282.638906
-90.220875 38.597430 7.078980 255.514450
-90.220875 38.597430 9.576054 443.705285
-90.220875 38.597430 12.697358 492.992359
-90.220875 38.597430 16.598951 558.364644
-90.220875 38.597430 21.112277 662.045107
-90.259095 38.559895 1.775612 185.792059
-90.259095 38.559895 3.312109 139.846812
-90.259095 38.559895 5.232806 169.996714
-90.259095 38.559895 7.633716 225.434652
-90.259095 38.559895 10.634777 164.324995
-90.259095 38.559895 14.386103 165.159233
-90.259095 38.559895 19.075298 229.336702
-90.259095 38.559895 24.936907 263.501124
-90.259095 38.559895 31.717488 276.569424
-90.289655 38.601650 1.031291 280.692454
-90.289655 38.601650 1.923745 211.867090
-90.289655 38.601650 3.039313 155.410205
-90.289655 38.601650 4.433773 265.163808
-90.289655 38.601650 6.176772 312.431278
-90.289655 38.601650 8.355635 367.725655
-90.289655 38.601650 11.079175 475.498058
-90.289655 38.601650 14.483486 573.184020
-90.289655 38.601650 18.421655 679.201994
-90.303895 38.586120 1.080821 162.955224
-90.303895 38.586120 2.016100 123.058428
-90.303895 38.586120 3.185160 165.748106
-90.303895 38.586120 4.646524 252.274121
-90.303895 38.586120 6.473190 223.250760
-90.303895 38.586120 8.756599 166.514069
-90.303895 38.586120 11.610899 314.893757
-90.303895 38.586120 15.178735 349.973189
-90.303895 38.586120 19.305880 418.516308
-90.270575 38.554070 1.193749 165.433858
-90.270575 38.554070 2.226869 115.360704
-90.270575 38.554070 3.518306 162.979608
-90.270575 38.554070 5.132680 181.668420
-90.270575 38.554070 7.150608 134.283602
-90.270575 38.554070 9.672980 197.937425
-90.270575 38.554070 12.825984 249.463255
-90.270575 38.554070 16.767353 263.649866
-90.270575 38.554070 21.326704 242.588186
-90.345655 38.542720 1.118464 262.923223
-90.345655 38.542720 2.086356 266.306198
-90.345655 38.542720 3.296260 237.270950
-90.345655 38.542720 4.808677 186.797899
-90.345655 38.542720 6.699047 239.584382
-90.345655 38.542720 9.062009 360.647590
-90.345655 38.542720 12.015826 424.048428
-90.345655 38.542720 15.708173 501.106745
-90.345655 38.542720 19.979335 575.280739
-90.319960 38.574995 0.777240 198.328483
-90.319960 38.574995 1.449934 168.559582
-90.319960 38.574995 2.290724 124.966781
-90.319960 38.574995 3.341827 245.107663
-90.319960 38.574995 4.655820 275.231352
-90.319960 38.574995 6.298235 338.308493
-90.319960 38.574995 8.351215 428.893224
-90.319960 38.574995 10.917479 520.787681
-90.319960 38.574995 13.886078 558.712726
-90.356610 38.609110 0.796442 156.318204
-90.356610 38.609110 1.485748 91.813380
-90.356610 38.609110 2.347417 111.092894
-90.356610 38.609110 3.424428 133.654495
-90.356610 38.609110 4.770730 167.925293
-90.356610 38.609110 6.453683 242.321486
-90.356610 38.609110 8.557412 292.893598
-90.356610 38.609110 11.187074 353.543616
-90.356610 38.609110 14.228978 387.140806
-90.352425 38.520840 1.457554 243.312391
-90.352425 38.520840 2.718816 188.960455
-90.352425 38.520840 4.295394 282.023210
-90.352425 38.520840 6.266078 373.094707
-90.352425 38.520840 8.729472 342.245899
-90.352425 38.520840 11.808714 435.512870
-90.352425 38.520840 15.657881 520.855651
-90.352425 38.520840 20.469454 452.430490
-90.352425 38.520840 26.035406 490.495133
-90.275255 38.509320 1.167994 280.749146
-90.275255 38.509320 2.178863 206.328569
-90.275255 38.509320 3.442411 218.490089
-90.275255 38.509320 5.021885 337.289242
-90.275255 38.509320 6.996227 313.842806
-90.275255 38.509320 9.464192 391.485120
-90.275255 38.509320 12.549226 538.347209
-90.275255 38.509320 16.405403 625.431922
-90.275255 38.509320 20.866151 695.918750
-90.308355 38.597910 1.042721 157.343551
-90.308355 38.597910 1.945081 207.495038
-90.308355 38.597910 3.072994 271.264685
-90.308355 38.597910 4.482998 357.256080
-90.308355 38.597910 6.245504 394.028066
-90.308355 38.597910 8.448599 342.788748
-90.308355 38.597910 11.202467 456.918365
-90.308355 38.597910 14.644726 573.458035
-90.308355 38.597910 18.626633 658.147325
-90.366435 38.620095 1.226363 178.624382
-90.366435 38.620095 2.287676 122.175727
-90.366435 38.620095 3.614318 211.158734
-90.366435 38.620095 5.272583 165.145822
-90.366435 38.620095 7.345375 302.205542
-90.366435 38.620095 9.936328 365.385401
-90.366435 38.620095 13.174980 381.612038
-90.366435 38.620095 17.223181 458.081786
-90.366435 38.620095 21.906128 533.750520
-90.301910 38.633950 1.436980 271.553330
-90.301910 38.633950 2.680564 272.039486
-90.301910 38.633950 4.235044 104.607970
-90.301910 38.633950 6.178144 265.852351
-90.301910 38.633950 8.606942 318.082270
-90.301910 38.633950 11.643055 363.691322
-90.301910 38.633950 15.438120 459.153463
-90.301910 38.633950 20.181875 574.500756
-90.301910 38.633950 25.669494 667.220916
-90.294415 38.646880 0.902513 122.865794
-90.294415 38.646880 1.683563 99.844555
-90.294415 38.646880 2.659837 147.074230
-90.294415 38.646880 3.880256 151.911710
-90.294415 38.646880 5.405780 148.910650
-90.294415 38.646880 7.312609 198.751850
-90.294415 38.646880 9.696145 239.005567
-90.294415 38.646880 12.675565 272.048326
-90.294415 38.646880 16.122091 314.874859
-90.264550 38.665170 1.484528 207.853788
-90.264550 38.665170 2.769260 162.028327
-90.264550 38.665170 4.375099 273.908215
-90.264550 38.665170 6.382512 296.081501
-90.264550 38.665170 8.891778 215.406427
-90.264550 38.665170 12.028322 380.838456
-90.264550 38.665170 15.948965 416.546995
-90.264550 38.665170 20.849692 398.424806
-90.264550 38.665170 26.518819 427.968461
-90.261060 38.697175 1.378915 257.183230
-90.261060 38.697175 2.572360 231.115210
-90.261060 38.697175 4.064203 115.161060
-90.261060 38.697175 5.928970 236.587284
-90.261060 38.697175 8.259928 321.097046
-90.261060 38.697175 11.173511 397.168421
-90.261060 38.697175 14.815566 397.648176
-90.261060 38.697175 19.368211 460.586328
-90.261060 38.697175 24.634698 585.383640
-90.359835 38.751845 1.218895 135.437880
-90.359835 38.751845 2.273656 127.438404
-90.359835 38.751845 3.592068 134.819746
-90.359835 38.751845 5.240122 194.445636
-90.359835 38.751845 7.300265 191.199211
-90.359835 38.751845 9.875368 133.973011
-90.359835 38.751845 13.094208 125.909222
-90.359835 38.751845 17.117720 153.037032
-90.359835 38.751845 21.772169 171.633794
-90.360113 38.730915 0.999896 167.042592
-90.360113 38.730915 1.865071 152.328677
-90.360113 38.730915 2.946654 147.117511
-90.360113 38.730915 4.298747 155.646730
-90.360113 38.730915 5.988863 156.200551
-90.360113 38.730915 8.101432 223.169074
-90.360113 38.730915 10.742066 283.189680
-90.360113 38.730915 14.042898 325.294142
-90.360113 38.730915 17.861280 390.375038
-90.336410 38.709480 1.412138 227.356416
-90.336410 38.709480 2.634234 227.994058
-90.336410 38.709480 4.161739 106.089298
-90.336410 38.709480 6.071159 160.150454
-90.336410 38.709480 8.458048 240.841378
-90.336410 38.709480 11.441582 307.475839
-90.336410 38.709480 15.170963 377.403970
-90.336410 38.709480 19.832574 456.158803
-90.336410 38.709480 25.225096 550.475201
-90.308830 38.717672 0.994105 251.396297
-90.308830 38.717672 1.854403 252.604219
-90.308830 38.717672 2.929738 124.734828
-90.308830 38.717672 4.273906 202.878842
-90.308830 38.717672 5.954116 314.620046
-90.308830 38.717672 8.054340 366.208056
-90.308830 38.717672 10.679582 437.308752
-90.308830 38.717672 13.961212 516.893861
-90.308830 38.717672 17.757496 571.448489
-90.312890 38.707405 1.302106 119.306035
-90.312890 38.707405 2.428951 137.424262
-90.312890 38.707405 3.837584 235.177584
-90.312890 38.707405 5.598262 195.214951
-90.312890 38.707405 7.799070 170.847715
-90.312890 38.707405 10.550195 303.053496
-90.312890 38.707405 13.989101 345.586812
-90.312890 38.707405 18.287695 402.821242
-90.312890 38.707405 23.260355 472.166899
-90.265305 38.733100 1.326947 219.497758
-90.265305 38.733100 2.475281 93.892726
-90.265305 38.733100 3.910584 207.684014
-90.265305 38.733100 5.704637 226.452379
-90.265305 38.733100 7.947203 203.448514
-90.265305 38.733100 10.750448 342.203837
-90.265305 38.733100 14.254582 349.352921
-90.265305 38.733100 18.634710 454.472345
-90.265305 38.733100 23.701553 551.508473
-90.321160 38.665710 0.952957 181.654704
-90.321160 38.665710 1.777594 201.153979
-90.321160 38.665710 2.808427 121.751446
-90.321160 38.665710 4.096969 111.561372
-90.321160 38.665710 5.707685 182.166768
-90.321160 38.665710 7.721194 187.184081
-90.321160 38.665710 10.238080 267.152628
-90.321160 38.665710 13.384073 320.716961
-90.321160 38.665710 17.023232 371.975482
-90.300215 38.668420 1.362608 123.533916
-90.300215 38.668420 2.541880 126.463958
-90.300215 38.668420 4.016045 205.749449
-90.300215 38.668420 5.858713 158.367374
-90.300215 38.668420 8.161934 177.564898
-90.300215 38.668420 11.041075 272.672251
-90.300215 38.668420 14.640001 294.380717
-90.300215 38.668420 19.138544 338.440471
-90.300215 38.668420 24.342547 354.474170
-90.228660 38.635745 1.350721 141.958162
-90.228660 38.635745 2.519629 173.984717
-90.228660 38.635745 3.980688 138.032338
-90.228660 38.635745 5.807050 168.784219
-90.228660 38.635745 8.090002 208.959602
-90.228660 38.635745 10.943692 241.440919
-90.228660 38.635745 14.510766 318.396518
-90.228660 38.635745 18.969533 377.189390
-90.228660 38.635745 24.127511 431.855880
-90.007925 38.635730 1.354074 130.486099
-90.007925 38.635730 2.525878 149.054515
-90.007925 38.635730 3.990594 186.804300
-90.007925 38.635730 5.821375 223.443089
-90.007925 38.635730 8.109966 236.474813
-90.007925 38.635730 10.970819 157.093615
-90.007925 38.635730 14.546885 191.417143
-90.007925 38.635730 19.016929 279.774396
-90.007925 38.635730 24.187861 301.239326
-90.006318 38.709000 1.708404 151.650802
-90.006318 38.709000 3.186989 117.904870
-90.006318 38.709000 5.035144 197.042837
-90.006318 38.709000 7.345223 171.821856
-90.006318 38.709000 10.232898 142.411704
-90.006318 38.709000 13.842492 187.125559
-90.006318 38.709000 18.354446 245.251834
-90.006318 38.709000 23.994466 266.726822
-90.006318 38.709000 30.518710 199.153577
-90.157983 38.656280 1.121816 153.864564
-90.157983 38.656280 2.092604 171.274435
-90.157983 38.656280 3.306013 143.972280
-90.157983 38.656280 4.822698 119.439233
-90.157983 38.656280 6.718706 145.372836
-90.157983 38.656280 9.088831 152.502413
-90.157983 38.656280 12.051335 171.632270
-90.157983 38.656280 15.754350 226.594721
-90.157983 38.656280 20.038009 274.700086
-90.143645 38.630220 1.127303 146.537782
-90.143645 38.630220 2.102968 169.390466
-90.143645 38.630220 3.322625 135.058099
-90.143645 38.630220 4.847082 101.450546
-90.143645 38.630220 6.752692 158.894678
-90.143645 38.630220 9.134704 182.419752
-90.143645 38.630220 12.112142 182.584649
-90.143645 38.630220 15.834055 210.674712
-90.143645 38.630220 20.139508 231.197810
-90.235582 38.768765 1.347216 177.795936
-90.235582 38.768765 2.512924 150.483722
-90.235582 38.768765 3.970020 185.385456
-90.235582 38.768765 5.791505 211.414766
-90.235582 38.768765 8.068361 145.533770
-90.235582 38.768765 10.914431 208.072939
-90.235582 38.768765 14.471904 282.733090
-90.235582 38.768765 18.918631 301.597162
-90.235582 38.768765 24.062588 323.558002
-90.248750 38.786020 1.421435 128.097686
-90.248750 38.786020 2.651455 157.843423
-90.248750 38.786020 4.189019 225.620275
-90.248750 38.786020 6.110935 224.875649
-90.248750 38.786020 8.513369 229.586333
-90.248750 38.786020 11.516411 244.830295
-90.248750 38.786020 15.270175 332.486508
-90.248750 38.786020 19.962419 379.872240
-90.248750 38.786020 25.390297 360.097730
-90.200225 38.796175 1.752905 135.440014
-90.200225 38.796175 3.269742 169.350842
-90.200225 38.796175 5.165750 212.507170
-90.200225 38.796175 7.535875 204.734160
-90.200225 38.796175 10.498531 202.489003
-90.200225 38.796175 14.201851 206.451708
-90.200225 38.796175 18.830849 267.251993
-90.200225 38.796175 24.617020 336.318758
-90.200225 38.796175 31.310580 363.156703
-90.230180 38.818430 0.978256 147.402194
-90.230180 38.818430 1.824990 132.830621
-90.230180 38.818430 2.883408 173.860663
-90.230180 38.818430 4.206392 191.876477
-90.230180 38.818430 5.860085 146.260109
-90.230180 38.818430 7.927238 171.878244
-90.230180 38.818430 10.511180 261.636053
-90.230180 38.818430 13.740994 298.526606
-90.230180 38.818430 17.477232 349.923811
-90.143290 38.542975 2.251710 123.278798
-90.143290 38.542975 4.200449 126.219509
-90.143290 38.542975 6.636410 153.293674
-90.143290 38.542975 9.681362 118.870476
-90.143290 38.542975 13.487552 114.314021
-90.143290 38.542975 18.245176 142.211146
-90.143290 38.542975 24.192128 156.979925
-90.143290 38.542975 31.625896 146.924878
-90.143290 38.542975 40.225218 126.572162
-90.169863 38.515255 1.221334 226.469448
-90.169863 38.515255 2.278075 194.817492
-90.169863 38.515255 3.599078 154.855774
-90.169863 38.515255 5.250332 152.990398
-90.169863 38.515255 7.314286 247.879819
-90.169863 38.515255 9.894265 313.307578
-90.169863 38.515255 13.119354 376.460614
-90.169863 38.515255 17.150791 453.990151
-90.169863 38.515255 21.814231 543.421214
-90.368458 38.746843 1.233221 111.700970
-90.368458 38.746843 2.300326 105.202330
-90.368458 38.746843 3.634283 137.095687
-90.368458 38.746843 5.301691 140.835278
-90.368458 38.746843 7.385914 167.286127
-90.368458 38.746843 9.991192 221.414645
-90.368458 38.746843 13.247827 253.749962
-90.368458 38.746843 17.318736 263.057335
-90.368458 38.746843 22.027896 264.324389
-90.134828 38.693860 1.237640 137.922000
-90.134828 38.693860 2.308555 115.548461
-90.134828 38.693860 3.647237 129.029765
-90.134828 38.693860 5.320589 163.431017
-90.134828 38.693860 7.412279 166.389710
-90.134828 38.693860 10.027006 174.759214
-90.134828 38.693860 13.295528 207.745889
-90.134828 38.693860 17.381068 250.174963
-90.134828 38.693860 22.107144 275.679103
-90.777685 38.772205 0.926135 162.625735
-90.777685 38.772205 1.727454 145.193309
-90.777685 38.772205 2.729027 176.700790
-90.777685 38.772205 3.980993 157.282286
-90.777685 38.772205 5.545988 201.990046
-90.777685 38.772205 7.502347 294.036293
-90.777685 38.772205 9.947910 352.869703
-90.777685 38.772205 13.004749 411.616855
-90.777685 38.772205 16.540734 498.422066
-90.804875 38.787230 1.181252 253.156212
-90.804875 38.787230 2.203399 200.623627
-90.804875 38.787230 3.481121 149.508362
-90.804875 38.787230 5.078273 193.095982
-90.804875 38.787230 7.074713 309.680153
-90.804875 38.787230 9.570415 376.274686
-90.804875 38.787230 12.690043 373.399507
-90.804875 38.787230 16.589502 471.767916
-90.804875 38.787230 21.100390 585.837487
-90.770050 38.803425 1.809293 383.211934
-90.770050 38.803425 3.374898 208.109210
-90.770050 38.803425 5.331866 311.900621
-90.770050 38.803425 7.778039 363.117384
-90.770050 38.803425 10.835792 507.373738
-90.770050 38.803425 14.657984 604.615910
-90.770050 38.803425 19.435724 793.247182
-90.770050 38.803425 25.407976 944.431334
-90.873160 38.810320 1.028852 201.987302
-90.873160 38.810320 1.919326 178.332994
-90.873160 38.810320 3.032303 109.850834
-90.873160 38.810320 4.423562 238.649866
-90.873160 38.810320 6.162751 272.071490
-90.873160 38.810320 8.336737 285.386374
-90.873160 38.810320 11.054182 344.918690
-90.873160 38.810320 14.450873 409.142184
-90.873160 38.810320 18.380202 450.132602
-90.868765 38.754185 1.670761 316.536934
-90.868765 38.754185 3.116732 334.706671
-90.868765 38.754185 4.924044 275.835161
-90.868765 38.754185 7.183222 216.173609
-90.868765 38.754185 10.007194 345.884906
-90.868765 38.754185 13.537082 453.859087
-90.868765 38.754185 17.949520 531.153319
-90.868765 38.754185 23.465028 589.810555
-90.868765 38.754185 29.845254 605.450453
-90.855285 38.830720 1.405585 487.386478
-90.855285 38.830720 2.621890 410.440937
-90.855285 38.830720 4.142384 396.936163
-90.855285 38.830720 6.042965 547.756385
-90.855285 38.830720 8.418576 623.460475
-90.855285 38.830720 11.388090 630.264830
-90.855285 38.830720 15.100097 844.092089
-90.846515 38.844435 1.133704 201.529493
-90.846515 38.844435 2.114855 161.794850
-90.846515 38.844435 3.341370 162.103003
-90.846515 38.844435 4.874514 276.670922
-90.846515 38.844435 6.790944 324.635165
-90.846515 38.844435 9.186367 270.781577
-90.846515 38.844435 12.180570 319.247215
-90.846515 38.844435 15.923362 445.030860
-90.846515 38.844435 20.253046 519.067390
-90.862365 38.861605 2.231441 302.862691
-90.862365 38.861605 4.162501 182.578248
-90.862365 38.861605 6.576212 382.316736
-90.862365 38.861605 9.593428 411.556200
-90.862365 38.861605 13.365023 530.988422
-90.862365 38.861605 18.079517 700.416379
-90.862365 38.861605 23.972672 843.161534
-90.862365 38.861605 31.339079 956.602608
-90.830770 38.857910 1.643482 301.733407
-90.830770 38.857910 3.065831 230.041399
-90.830770 38.857910 4.843729 264.876686
-90.830770 38.857910 7.066026 419.242037
-90.830770 38.857910 9.843821 539.743802
-90.830770 38.857910 13.315950 665.645405
-90.830770 38.857910 17.656150 837.265788
-90.830770 38.857910 23.081437 880.824451
-90.830770 38.857910 29.357422 973.743036
-90.760605 38.846595 2.268931 204.620165
-90.760605 38.846595 4.232453 131.092956
-90.760605 38.846595 6.686855 286.408978
-90.760605 38.846595 9.754819 355.964033
-90.760605 38.846595 13.589813 404.417479
-90.760605 38.846595 18.383402 532.189944
-90.760605 38.846595 24.375313 617.173670
-90.760605 38.846595 31.865316 691.461660
-90.760605 38.846595 40.529713 741.949646
-90.778250 38.826035 1.470050 329.603405
-90.778250 38.826035 2.742286 198.018502
-90.778250 38.826035 4.332580 309.250385
-90.778250 38.826035 6.320485 456.301450
-90.778250 38.826035 8.805520 413.614819
-90.778250 38.826035 11.911736 518.067036
-90.778250 38.826035 15.794431 694.063433
-90.778250 38.826035 20.647914 815.808782
-90.778250 38.826035 26.262330 859.431758
-90.811420 38.824090 1.135837 221.187569
-90.811420 38.824090 2.118817 220.439590
-90.811420 38.824090 3.347466 118.919549
-90.811420 38.824090 4.883353 149.651923
-90.811420 38.824090 6.803288 251.333813
-90.811420 38.824090 9.203131 312.790027
-90.811420 38.824090 12.202973 377.763938
-90.811420 38.824090 15.952927 453.037042
-90.811420 38.824090 20.290841 541.835950
-90.835000 38.807200 1.895551 318.909802
-90.835000 38.807200 3.535985 343.506247
-90.835000 38.807200 5.586527 227.682552
-90.835000 38.807200 8.149742 230.322425
-90.835000 38.807200 11.353800 414.431378
-90.835000 38.807200 15.358872 480.504094
-90.835000 38.807200 20.365212 508.208585
-90.835000 38.807200 26.623213 657.124721
-90.835000 38.807200 33.862366 713.962606
-90.824295 38.775175 2.787396 278.164747
-90.824295 38.775175 5.199431 220.128694
-90.824295 38.775175 8.214512 247.647257
-90.824295 38.775175 11.983364 404.105974
-90.824295 38.775175 16.694506 493.511434
-90.824295 38.775175 22.583394 485.640278
-90.824295 38.775175 29.944466 537.012490
-90.824295 38.775175 39.145921 643.507476
-90.824295 38.775175 49.790147 721.730738
-90.821805 38.760845 1.806245 250.514815
-90.821805 38.760845 3.369259 243.790927
-90.821805 38.760845 5.323180 281.102105
-90.821805 38.760845 7.765542 233.649926
-90.821805 38.760845 10.818419 394.474598
-90.821805 38.760845 14.634515 476.172276
-90.821805 38.760845 19.404635 546.209525
-90.821805 38.760845 25.367285 603.873418
-90.821805 38.760845 32.264909 623.973758
-90.860090 38.773495 2.232812 216.858799
-90.860090 38.773495 4.165092 184.091275
-90.860090 38.773495 6.580480 193.736062
-90.860090 38.773495 9.599676 210.938059
-90.860090 38.773495 13.373710 210.900569
-90.860090 38.773495 18.091252 311.576314
-90.860090 38.773495 23.988217 383.961742
-90.860090 38.773495 31.359500 444.190831
-90.860090 38.773495 39.886433 517.157208
-90.854325 38.788285 0.846430 241.931038
-90.854325 38.788285 1.578864 173.890838
-90.854325 38.788285 2.494483 206.486760
-90.854325 38.788285 3.639007 295.566389
-90.854325 38.788285 5.069586 223.148347
-90.854325 38.788285 6.857848 326.067725
-90.854325 38.788285 9.093251 401.350277
-90.854325 38.788285 11.887505 378.359822
-90.854325 38.788285 15.119909 414.250022
-90.785105 38.763410 1.048055 211.066075
-90.785105 38.763410 1.954987 108.103721
-90.785105 38.763410 3.088691 207.437736
-90.785105 38.763410 4.505858 199.103285
-90.785105 38.763410 6.277356 212.978086
-90.785105 38.763410 8.491728 343.836650
-90.785105 38.763410 11.259617 407.545032
-90.785105 38.763410 14.719554 449.131944
-90.785105 38.763410 18.722035 518.079228
-90.758790 38.787220 2.784043 646.017199
-90.758790 38.787220 5.193182 436.909159
-90.758790 38.787220 8.204606 693.927492
-90.758790 38.787220 11.968886 995.603902