
 0 2.121300e+05 2.695132e+05 2.695132e+05 2.121300e+05 1.099900e+03 6.153004e+03 3.594384e+03 2.831543e+03 2.000000e+00
 1 1.349004e+05 2.566137e+05 2.566137e+05 1.349004e+05 1.099900e+03 6.385390e+03 3.792894e+03 2.874185e+03 2.000000e+00
 2 2.140272e+05 2.798155e+05 2.798155e+05 2.140272e+05 1.099900e+03 6.125946e+03 3.515435e+03 2.833954e+03 2.000000e+00
 3 2.163511e+05 2.652075e+05 2.652075e+05 2.163511e+05 1.099900e+03 6.220360e+03 3.658458e+03 2.832855e+03 2.000000e+00
 4 1.553083e+05 2.562791e+05 2.562792e+05 1.553083e+05 1.099900e+03 6.482941e+03 3.799589e+03 2.888747e+03 2.000000e+00
 5 2.280138e+05 2.888564e+05 2.888564e+05 2.280138e+05 1.099900e+03 6.193461e+03 3.510581e+03 2.831171e+03 2.000000e+00
 6 2.068800e+05 2.519285e+05 2.519285e+05 2.068800e+05 1.099900e+03 6.251800e+03 3.647320e+03 2.829555e+03 2.000000e+00
 7 1.770452e+05 2.086293e+05 2.086293e+05 1.770452e+05 1.099900e+03 6.076330e+03 3.487985e+03 2.825737e+03 2.000000e+00
 8 2.348413e+05 2.637501e+05 2.637501e+05 2.348413e+05 1.099900e+03 6.330866e+03 3.678830e+03 2.839801e+03 2.000000e+00
 9 2.127127e+05 2.922530e+05 2.922530e+05 2.127127e+05 1.099900e+03 6.287066e+03 3.566548e+03 2.872348e+03 2.000000e+00
 10 5.324237e+04 3.569435e+05 3.569435e+05 5.324237e+04 1.099900e+03 5.804072e+03 3.207166e+03 2.835442e+03 2.000000e+00
 11 1.786486e+05 3.024398e+05 3.024398e+05 1.786486e+05 1.099900e+03 6.474251e+03 3.530170e+03 2.910545e+03 2.000000e+00
 12 2.204792e+05 2.701229e+05 2.701229e+05 2.204792e+05 1.099900e+03 6.220360e+03 3.658458e+03 2.832855e+03 2.000000e+00
 13 1.221494e+05 2.632732e+05 2.632732e+05 1.221494e+05 1.099900e+03 6.217438e+03 3.588819e+03 2.882130e+03 2.000000e+00
 14 2.295300e+05 2.549513e+05 2.549513e+05 2.295300e+05 1.099900e+03 6.348730e+03 3.678949e+03 2.825542e+03 2.000000e+00
 15 2.185264e+05 2.760287e+05 2.760287e+05 2.185264e+05 1.099900e+03 6.125946e+03 3.515435e+03 2.833954e+03 2.000000e+00
 16 2.546862e+05 3.998535e+05 3.998535e+05 2.546862e+05 1.099900e+03 6.338705e+03 3.804035e+03 2.826904e+03 2.000000e+00
 17 2.210889e+05 5.386280e+05 5.386280e+05 2.210889e+05 1.099900e+03 5.717194e+03 3.240909e+03 2.825606e+03 2.000000e+00
 18 2.236935e+05 5.732598e+05 5.732598e+05 2.236935e+05 1.099900e+03 3.759352e+03 2.025289e+03 2.681249e+03 2.000000e+00
 19 1.439589e+05 2.108131e+05 2.108131e+05 1.439589e+05 1.099900e+03 6.359935e+03 3.741147e+03 2.839390e+03 2.000000e+00
 20 2.612711e+05 3.432684e+05 3.432684e+05 2.612711e+05 1.099900e+03 6.040595e+03 3.513593e+03 2.827120e+03 2.000000e+00
 21 3.001869e+05 1.970010e+05 1.970010e+05 3.001869e+05 1.099900e+03 5.996082e+03 3.553832e+03 2.806815e+03 2.000000e+00
 22 2.954116e+05 2.601244e+05 2.601244e+05 2.954116e+05 1.099900e+03 6.060160e+03 3.558715e+03 2.811166e+03 2.000000e+00
 23 2.150054e+05 3.930785e+05 3.930785e+05 2.150054e+05 1.099900e+03 6.231854e+03 3.634946e+03 2.829979e+03 2.000000e+00
 24 2.010900e+05 4.256273e+05 4.256273e+05 2.010900e+05 1.099900e+03 6.278049e+03 3.612873e+03 2.844412e+03 2.000000e+00
 25 9.893872e+04 3.864912e+05 3.864912e+05 9.893872e+04 1.099900e+03 5.737235e+03 3.269338e+03 2.835866e+03 2.000000e+00
 26 3.762344e+05 5.803430e+05 5.803430e+05 3.762344e+05 1.099900e+03 5.977379e+03 3.410687e+03 2.855341e+03 2.000000e+00
 27 3.859255e+05 2.645508e+05 2.645508e+05 3.859255e+05 1.099900e+03 5.930334e+03 3.442975e+03 2.832324e+03 2.000000e+00
 28 1.760290e+05 4.415648e+05 4.415648e+05 1.760290e+05 1.099900e+03 6.094545e+03 3.561793e+03 2.772514e+03 2.000000e+00
 29 2.045742e+05 3.050379e+05 3.050379e+05 2.045742e+05 1.099900e+03 6.340689e+03 3.574621e+03 2.883252e+03 2.000000e+00
 30 1.563314e+05 4.395942e+05 4.395942e+05 1.563314e+05 1.099900e+03 6.243561e+03 3.656595e+03 2.810512e+03 2.000000e+00
 31 2.493210e+05 4.626630e+05 4.626630e+05 2.493210e+05 1.099900e+03 6.249555e+03 3.647746e+03 2.837378e+03 2.000000e+00
 32 1.325440e+05 4.000830e+05 4.000830e+05 1.325439e+05 1.099900e+03 6.038798e+03 3.547947e+03 2.803079e+03 2.000000e+00
 33 4.494690e+05 4.994843e+05 4.994843e+05 4.494690e+05 1.099900e+03 6.001737e+03 3.458566e+03 2.835072e+03 2.000000e+00
 34 2.892713e+05 1.088840e+05 1.088840e+05 2.892713e+05 1.099900e+03 5.855500e+03 3.393528e+03 2.795349e+03 2.000000e+00
 35 3.811226e+05 2.944715e+05 2.944715e+05 3.811226e+05 1.099900e+03 5.999752e+03 3.424660e+03 2.846461e+03 2.000000e+00
 36 4.645508e+05 5.718136e+05 5.718136e+05 4.645508e+05 1.099900e+03 5.837631e+03 3.390565e+03 2.839841e+03 2.000000e+00
 37 3.552467e+05 4.108432e+05 4.108432e+05 3.552467e+05 1.099900e+03 5.980839e+03 3.404078e+03 2.823484e+03 2.000000e+00
 38 3.439905e+05 3.440609e+05 3.440609e+05 3.439905e+05 1.099900e+03 5.828494e+03 3.405905e+03 2.805371e+03 2.000000e+00
 39 1.762054e+05 1.689204e+05 1.689204e+05 1.762054e+05 1.099900e+03 6.135934e+03 3.496490e+03 2.852174e+03 2.000000e+00
 40 3.607276e+05 2.128641e+05 2.128641e+05 3.607276e+05 1.099900e+03 6.036971e+03 3.441035e+03 2.839950e+03 2.000000e+00
 41 2.874417e+05 5.519474e+05 5.519474e+05 2.874417e+05 1.099900e+03 6.234487e+03 3.681362e+03 2.841135e+03 2.000000e+00
 42 1.203764e+05 4.829909e+05 4.829909e+05 1.203764e+05 1.099900e+03 6.106408e+03 3.375413e+03 2.857672e+03 2.000000e+00
 43 3.182741e+05 4.840299e+05 4.840299e+05 3.182741e+05 1.099900e+03 6.013793e+03 3.338853e+03 2.819370e+03 2.000000e+00
 44 4.342427e+05 7.167218e+05 7.167218e+05 4.342427e+05 1.099900e+03 5.631604e+03 3.187267e+03 2.841102e+03 2.000000e+00
 45 3.783897e+05 5.124391e+05 5.124391e+05 3.783897e+05 1.099900e+03 6.112704e+03 3.593285e+03 2.837063e+03 2.000000e+00
 46 1.435404e+05 5.910525e+05 5.910525e+05 1.435404e+05 1.099900e+03 5.788357e+03 3.270404e+03 2.837295e+03 2.000000e+00
 47 1.891061e+05 3.144711e+05 3.144711e+05 1.891061e+05 1.099900e+03 6.470466e+03 3.608455e+03 2.910153e+03 2.000000e+00
 48 1.898683e+05 4.200384e+05 4.200384e+05 1.898683e+05 1.099900e+03 6.203794e+03 3.691392e+03 2.838324e+03 2.000000e+00
 49 4.433861e+05 2.223023e+05 2.223023e+05 4.433861e+05 1.099900e+03 5.914942e+03 3.463959e+03 2.835146e+03 2.000000e+00
 50 1.836879e+05 4.947305e+05 4.947305e+05 1.836879e+05 1.099900e+03 5.866582e+03 3.330963e+03 2.803301e+03 2.000000e+00
 51 1.778956e+05 4.252275e+05 4.252275e+05 1.778956e+05 1.099900e+03 5.954371e+03 3.430211e+03 2.780322e+03 2.000000e+00
 52 4.348321e+05 1.552085e+05 1.552085e+05 4.348321e+05 1.099900e+03 6.188396e+03 3.651295e+03 2.839820e+03 2.000000e+00
 53 1.463002e+05 6.791960e+05 6.791960e+05 1.463002e+05 1.099900e+03 5.762353e+03 3.148551e+03 2.828574e+03 2.000000e+00
 54 1.886600e+05 2.732169e+05 2.732169e+05 1.886600e+05 1.099900e+03 6.524109e+03 3.672165e+03 2.908565e+03 2.000000e+00
 55 1.285733e+05 4.101028e+05 4.101028e+05 1.285733e+05 1.099900e+03 5.603108e+03 3.288936e+03 2.782054e+03 2.000000e+00
 56 3.081005e+05 3.930354e+05 3.930354e+05 3.081005e+05 1.099900e+03 6.341683e+03 3.630543e+03 2.838439e+03 2.000000e+00
 57 1.108118e+05 5.525877e+05 5.525877e+05 1.108118e+05 1.099900e+03 5.399018e+03 2.886529e+03 2.825318e+03 2.000000e+00
 58 5.520066e+04 3.658008e+05 3.658008e+05 5.520066e+04 1.099900e+03 5.804072e+03 3.207166e+03 2.835442e+03 2.000000e+00
 59 7.726497e+04 5.155646e+05 5.155646e+05 7.726497e+04 1.099900e+03 5.671415e+03 3.129836e+03 2.864060e+03 2.000000e+00
 60 1.569441e+05 3.438967e+05 3.438967e+05 1.569441e+05 1.099900e+03 6.199041e+03 3.484767e+03 2.836656e+03 2.000000e+00
 61 4.368035e+05 4.182476e+05 4.182476e+05 4.368035e+05 1.099900e+03 6.017488e+03 3.503257e+03 2.841298e+03 2.000000e+00
 62 3.764045e+05 4.863000e+05 4.863000e+05 3.764045e+05 1.099900e+03 6.271035e+03 3.640546e+03 2.839419e+03 2.000000e+00
 63 1.696657e+05 6.337894e+05 6.337894e+05 1.696657e+05 1.099900e+03 5.825935e+03 3.268060e+03 2.803016e+03 2.000000e+00
 64 1.972629e+04 4.549495e+05 4.549495e+05 1.972629e+04 1.099900e+03 6.024442e+03 3.328844e+03 2.842601e+03 2.000000e+00
 65 2.375047e+05 3.443362e+05 3.443362e+05 2.375047e+05 1.099900e+03 6.156393e+03 3.555662e+03 2.817195e+03 2.000000e+00
 66 2.199076e+05 1.688177e+05 1.688177e+05 2.199076e+05 1.099900e+03 6.257814e+03 3.710752e+03 2.799315e+03 2.000000e+00
 67 4.196852e+05 6.345326e+05 6.345326e+05 4.196852e+05 1.099900e+03 6.047885e+03 3.491546e+03 2.833128e+03 2.000000e+00
 68 4.192245e+05 3.603878e+05 3.603878e+05 4.192245e+05 1.099900e+03 5.940459e+03 3.341571e+03 2.840464e+03 2.000000e+00
 69 1.589805e+05 4.214668e+05 4.214668e+05 1.589805e+05 1.099900e+03 5.652819e+03 3.214978e+03 2.709620e+03 2.000000e+00
 70 2.672563e+05 6.070200e+05 6.070200e+05 2.672563e+05 1.099900e+03 5.704984e+03 3.171321e+03 2.863736e+03 2.000000e+00
 71 2.912764e+05 6.616089e+05 6.616089e+05 2.912764e+05 1.099900e+03 4.258748e+03 2.173759e+03 2.781546e+03 2.000000e+00
 72 2.349959e+05 2.634048e+05 2.634048e+05 2.349959e+05 1.099900e+03 6.330866e+03 3.678830e+03 2.839801e+03 2.000000e+00